#Entity         POWER             SMACT        TENSO        DRAMA        PCITX                       PCIRX                       
ID               W                                                                                                               
GPU 0           96.131            0.000        0.000        0.000        237960                      46648                       
GPU 1           71.313            0.000        0.000        0.000        422576                      214384                      
GPU 2           70.217            0.000        0.000        0.000        421172                      224402                      
GPU 3           70.139            0.000        0.000        0.000        243669                      51877                       
GPU 4           96.503            0.000        0.000        0.000        238233                      53364                       
GPU 5           72.656            0.000        0.000        0.000        210143                      19913                       
GPU 6           72.155            0.000        0.000        0.000        198097                      20962                       
GPU 7           72.312            0.000        0.000        0.000        198624                      23059                       
GPU 0           96.089            0.000        0.000        0.000        506091                      283621                      
GPU 1           71.286            0.000        0.000        0.000        428173                      224105                      
GPU 2           70.195            0.000        0.000        0.000        411234                      218564                      
GPU 3           70.128            0.000        0.000        0.000        527217                      316738                      
GPU 4           96.515            0.000        0.000        0.000        508776                      288306                      
GPU 5           72.712            0.000        0.000        0.000        540634                      325486                      
GPU 6           72.162            0.000        0.000        0.000        531646                      324927                      
GPU 7           72.294            0.000        0.000        0.000        538062                      329010                      
GPU 0           96.140            0.000        0.000        0.000        497412                      287231                      
GPU 1           71.321            0.000        0.000        0.000        509898                      304995                      
GPU 2           70.205            0.000        0.000        0.000        498398                      304489                      
GPU 3           70.137            0.000        0.000        0.000        515112                      310744                      
GPU 4           96.483            0.000        0.000        0.000        500048                      287763                      
GPU 5           72.653            0.000        0.000        0.000        505186                      300281                      
GPU 6           72.152            0.000        0.000        0.000        492109                      298724                      
GPU 7           72.289            0.000        0.000        0.000        492645                      298731                      
GPU 0           96.194            0.000        0.000        0.000        745348                      549838                      
GPU 1           71.342            0.000        0.000        0.000        786047                      605780                      
GPU 2           70.205            0.000        0.000        0.000        782467                      611613                      
GPU 3           70.128            0.000        0.000        0.000        785026                      604229                      
GPU 4           96.544            0.000        0.000        0.000        742215                      550371                      
GPU 5           72.669            0.000        0.000        0.000        787641                      606321                      
GPU 6           72.149            0.000        0.000        0.000        781726                      611968                      
GPU 7           72.296            0.000        0.000        0.000        787183                      614757                      
GPU 0           96.146            0.000        0.000        0.000        493216                      283560                      
GPU 1           71.330            0.000        0.000        0.000        453301                      253639                      
GPU 2           70.222            0.000        0.000        0.000        496296                      301341                      
GPU 3           70.137            0.000        0.000        0.000        504633                      299216                      
GPU 4           96.473            0.000        0.000        0.000        444478                      236915                      
GPU 5           72.662            0.000        0.000        0.000        499409                      293985                      
GPU 6           72.139            0.000        0.000        0.000        491941                      298098                      
GPU 7           72.299            0.000        0.000        0.000        489487                      295579                      
GPU 0           96.141            0.000        0.000        0.000        270459                      87532                       
GPU 1           71.313            0.000        0.000        0.000        297126                      102710                      
GPU 2           70.201            0.000        0.000        0.000        236366                      58174                       
GPU 3           70.129            0.000        0.000        0.000        281931                      98518                       
GPU 4           96.522            0.000        0.000        0.000        285143                      93824                       
GPU 5           72.690            0.000        0.000        0.000        248924                      65506                       
GPU 6           72.146            0.000        0.000        0.000        236885                      66558                       
GPU 7           72.283            0.000        0.000        0.000        236886                      69179                       
GPU 0           96.167            0.000        0.000        0.000        482212                      261548                      
GPU 1           71.321            0.000        0.000        0.000        519583                      314788                      
GPU 2           70.212            0.000        0.000        0.000        509937                      316025                      
GPU 3           70.143            0.000        0.000        0.000        476870                      267257                      
GPU 4           96.486            0.000        0.000        0.000        497419                      288283                      
GPU 5           72.680            0.000        0.000        0.000        517224                      306037                      
GPU 6           72.154            0.000        0.000        0.000        499967                      299247                      
GPU 7           72.297            0.000        0.000        0.000        501540                      298198                      
GPU 0           96.150            0.000        0.000        0.000        506841                      290372                      
GPU 1           71.332            0.000        0.000        0.000        515666                      310238                      
GPU 2           70.213            0.000        0.000        0.000        500472                      308668                      
GPU 3           70.149            0.000        0.000        0.000        508296                      305501                      
GPU 4           96.534            0.000        0.000        0.000        498477                      286192                      
GPU 5           72.691            0.000        0.000        0.000        503612                      298708                      
GPU 6           72.150            0.000        0.000        0.000        494177                      300803                      
GPU 7           72.286            0.000        0.000        0.000        503649                      306592                      
GPU 0           95.987            0.000        0.000        0.000        525196                      428753                      
GPU 1           71.333            0.000        0.000        0.000        516705                      311804                      
GPU 2           70.180            0.000        0.000        0.000        507316                      313404                      
GPU 3           70.145            0.000        0.000        0.000        518272                      313897                      
GPU 4           96.778            0.018        0.000        0.000        15579285                    316530005                   
GPU 5           72.691            0.000        0.000        0.000        509898                      305519                      
GPU 6           72.157            0.000        0.000        0.000        499910                      307597                      
GPU 7           72.286            0.000        0.000        0.000        498931                      306591                      
GPU 0           97.927            0.005        0.001        0.003        31224858                    38351007                    
GPU 1           71.331            0.000        0.000        0.000        519339                      310240                      
GPU 2           70.209            0.000        0.000        0.000        505208                      308156                      
GPU 3           70.151            0.000        0.000        0.000        505682                      299741                      
GPU 4           98.723            0.055        0.001        0.003        98774941                    1386337880                  
GPU 5           72.657            0.000        0.000        0.000        515655                      310232                      
GPU 6           72.159            0.000        0.000        0.000        507841                      312356                      
GPU 7           72.265            0.000        0.000        0.000        510976                      317067                      
GPU 0           97.072            0.002        0.000        0.001        5119222                     10772538                    
GPU 1           71.327            0.000        0.000        0.000        510419                      306565                      
GPU 2           70.213            0.000        0.000        0.000        500506                      308165                      
GPU 3           70.135            0.000        0.000        0.000        511978                      307606                      
GPU 4           97.204            0.007        0.000        0.001        80894601                    1543545459                  
GPU 5           72.681            0.000        0.000        0.000        524571                      320193                      
GPU 6           72.152            0.000        0.000        0.000        515692                      329644                      
GPU 7           72.269            0.000        0.000        0.000        507316                      314452                      
GPU 0           144.336           0.123        0.008        0.074        281597520                   336293996                   
GPU 1           71.328            0.000        0.000        0.000        513047                      307618                      
GPU 2           70.172            0.000        0.000        0.000        501027                      307115                      
GPU 3           70.085            0.000        0.000        0.000        513023                      308652                      
GPU 4           137.248           0.112        0.007        0.063        251176701                   321902283                   
GPU 5           72.696            0.000        0.000        0.000        521417                      316518                      
GPU 6           72.143            0.000        0.000        0.000        509923                      316540                      
GPU 7           72.176            0.000        0.000        0.000        503114                      309729                      
GPU 0           174.695           0.220        0.015        0.130        490821962                   582651436                   
GPU 1           71.262            0.000        0.000        0.000        448066                      240541                      
GPU 2           70.155            0.000        0.000        0.000        437077                      243170                      
GPU 3           70.025            0.000        0.000        0.000        510919                      305503                      
GPU 4           173.385           0.219        0.014        0.126        489748637                   555917456                   
GPU 5           72.655            0.000        0.000        0.000        454873                      252591                      
GPU 6           72.195            0.000        0.000        0.000        504168                      308685                      
GPU 7           72.108            0.000        0.000        0.000        506262                      311304                      
GPU 0           173.033           0.218        0.015        0.129        503619935                   586700404                   
GPU 1           71.248            0.000        0.000        0.000        271979                      77558                       
GPU 2           70.128            0.000        0.000        0.000        257852                      72324                       
GPU 3           70.048            0.000        0.000        0.000        208562                      13624                       
GPU 4           172.741           0.222        0.015        0.128        491134430                   563091681                   
GPU 5           72.692            0.000        0.000        0.000        271455                      72842                       
GPU 6           72.210            0.000        0.000        0.000        198628                      15198                       
GPU 7           72.182            0.000        0.000        0.000        197058                      13102                       
GPU 0           172.289           0.215        0.014        0.126        488902225                   565630114                   
GPU 1           71.324            0.000        0.000        0.000        511476                      307095                      
GPU 2           70.127            0.000        0.000        0.000        503112                      310776                      
GPU 3           69.905            0.000        0.000        0.000        505153                      302358                      
GPU 4           170.277           0.215        0.014        0.121        502504521                   580078601                   
GPU 5           72.678            0.000        0.000        0.000        521941                      317042                      
GPU 6           72.248            0.000        0.000        0.000        506785                      313400                      
GPU 7           72.111            0.000        0.000        0.000        507310                      313400                      
#Entity         POWER             SMACT        TENSO        DRAMA        PCITX                       PCIRX                       
ID               W                                                                                                               
GPU 0           173.081           0.217        0.015        0.129        498241106                   585851183                   
GPU 1           71.349            0.000        0.000        0.000        505699                      300799                      
GPU 2           70.065            0.000        0.000        0.000        499458                      306592                      
GPU 3           69.965            0.000        0.000        0.000        506745                      301846                      
GPU 4           172.679           0.220        0.014        0.125        501726179                   578844670                   
GPU 5           72.628            0.000        0.000        0.000        514616                      309713                      
GPU 6           72.149            0.000        0.000        0.000        498407                      304495                      
GPU 7           72.149            0.000        0.000        0.000        496832                      302921                      
GPU 0           170.514           0.209        0.013        0.121        499719106                   597665616                   
GPU 1           71.361            0.000        0.000        0.000        506235                      300806                      
GPU 2           70.039            0.000        0.000        0.000        496312                      302399                      
GPU 3           69.955            0.000        0.000        0.000        505154                      302358                      
GPU 4           171.755           0.211        0.013        0.120        490995384                   557057485                   
GPU 5           72.714            0.000        0.000        0.000        518798                      312851                      
GPU 6           72.273            0.000        0.000        0.000        501016                      307632                      
GPU 7           72.238            0.000        0.000        0.000        498920                      304488                      
GPU 0           182.617           0.242        0.016        0.143        543181588                   649634625                   
GPU 1           71.177            0.000        0.000        0.000        508335                      302904                      
GPU 2           70.268            0.000        0.000        0.000        502594                      307635                      
GPU 3           69.958            0.000        0.000        0.000        505163                      300268                      
GPU 4           186.169           0.258        0.018        0.152        555650873                   626008407                   
GPU 5           72.717            0.000        0.000        0.000        511997                      307617                      
GPU 6           72.228            0.000        0.000        0.000        503651                      316551                      
GPU 7           72.119            0.000        0.000        0.000        497884                      303971                      
GPU 0           189.038           0.259        0.018        0.154        576014047                   686330165                   
GPU 1           71.250            0.000        0.000        0.000        509896                      305518                      
GPU 2           70.097            0.000        0.000        0.000        493164                      299252                      
GPU 3           70.149            0.000        0.000        0.000        504646                      299224                      
GPU 4           187.483           0.249        0.017        0.147        558756292                   630481833                   
GPU 5           72.680            0.000        0.000        0.000        516715                      310763                      
GPU 6           72.132            0.000        0.000        0.000        501028                      307639                      
GPU 7           72.239            0.000        0.000        0.000        501472                      307590                      
GPU 0           188.269           0.259        0.018        0.154        580440942                   695651727                   
GPU 1           71.343            0.000        0.000        0.000        509905                      304475                      
GPU 2           70.008            0.000        0.000        0.000        492632                      298724                      
GPU 3           69.942            0.000        0.000        0.000        504637                      300266                      
GPU 4           186.814           0.257        0.018        0.151        576268139                   650402830                   
GPU 5           72.570            0.000        0.000        0.000        514607                      309183                      
GPU 6           72.084            0.000        0.000        0.000        499967                      306059                      
GPU 7           72.217            0.000        0.000        0.000        498399                      304489                      
GPU 0           187.257           0.258        0.018        0.153        557728557                   664790944                   
GPU 1           71.222            0.000        0.000        0.000        244729                      50832                       
GPU 2           69.998            0.000        0.000        0.000        233742                      52408                       
GPU 3           70.021            0.000        0.000        0.000        254677                      64979                       
GPU 4           189.146           0.259        0.018        0.152        554789126                   624994978                   
GPU 5           72.698            0.000        0.000        0.000        245778                      55549                       
GPU 6           72.138            0.000        0.000        0.000        235284                      57118                       
GPU 7           72.044            0.000        0.000        0.000        245272                      67083                       
GPU 0           187.359           0.254        0.018        0.150        572432410                   679602821                   
GPU 1           71.244            0.000        0.000        0.000        472694                      265169                      
GPU 2           70.172            0.000        0.000        0.000        465918                      267287                      
GPU 3           70.009            0.000        0.000        0.000        458526                      246818                      
GPU 4           186.455           0.252        0.017        0.148        569553853                   642686450                   
GPU 5           72.575            0.000        0.000        0.000        475299                      263589                      
GPU 6           72.153            0.000        0.000        0.000        463284                      261514                      
GPU 7           72.076            0.000        0.000        0.000        452281                      251034                      
GPU 0           188.758           0.255        0.017        0.151        558062705                   662262220                   
GPU 1           71.208            0.000        0.000        0.000        509911                      305527                      
GPU 2           70.129            0.000        0.000        0.000        491586                      297677                      
GPU 3           69.943            0.000        0.000        0.000        516168                      310224                      
GPU 4           186.842           0.256        0.017        0.150        554967331                   625376279                   
GPU 5           72.619            0.000        0.000        0.000        515139                      310760                      
GPU 6           72.239            0.000        0.000        0.000        508882                      313400                      
GPU 7           72.013            0.000        0.000        0.000        506795                      310785                      
GPU 0           189.433           0.261        0.018        0.155        583754596                   695643837                   
GPU 1           71.382            0.000        0.000        0.000        519327                      314426                      
GPU 2           69.997            0.000        0.000        0.000        507315                      312879                      
GPU 3           69.724            0.000        0.000        0.000        516978                      312177                      
GPU 4           186.459           0.257        0.017        0.150        581407125                   655563339                   
GPU 5           72.511            0.000        0.000        0.000        516190                      311286                      
GPU 6           72.152            0.000        0.000        0.000        499456                      306592                      
GPU 7           72.066            0.000        0.000        0.000        501519                      311288                      
GPU 0           188.957           0.259        0.018        0.153        580408604                   696183315                   
GPU 1           71.270            0.000        0.000        0.000        505718                      300810                      
GPU 2           70.126            0.000        0.000        0.000        495256                      301870                      
GPU 3           69.911            0.000        0.000        0.000        513552                      307083                      
GPU 4           188.231           0.261        0.018        0.153        563146762                   634186493                   
GPU 5           72.637            0.000        0.000        0.000        515125                      309703                      
GPU 6           72.145            0.000        0.000        0.000        499440                      305533                      
GPU 7           71.995            0.000        0.000        0.000        502065                      307632                      
GPU 0           187.638           0.255        0.017        0.151        562153657                   667189256                   
GPU 1           71.288            0.000        0.000        0.000        504105                      303406                      
GPU 2           69.879            0.000        0.000        0.000        496835                      301874                      
GPU 3           69.973            0.000        0.000        0.000        502555                      297655                      
GPU 4           184.680           0.249        0.017        0.145        570515705                   643586978                   
GPU 5           72.539            0.000        0.000        0.000        531856                      328745                      
GPU 6           72.124            0.000        0.000        0.000        503126                      308688                      
GPU 7           72.040            0.000        0.000        0.000        499977                      306065                      
GPU 0           187.132           0.258        0.018        0.153        575229431                   679746994                   
GPU 1           71.309            0.000        0.000        0.000        507810                      302904                      
GPU 2           70.080            0.000        0.000        0.000        496309                      302397                      
GPU 3           69.883            0.000        0.000        0.000        504654                      299753                      
GPU 4           187.581           0.255        0.017        0.149        573764385                   652370819                   
GPU 5           72.576            0.000        0.000        0.000        513562                      309709                      
GPU 6           72.137            0.000        0.000        0.000        498915                      305009                      
GPU 7           72.031            0.000        0.000        0.000        499442                      305010                      
GPU 0           188.526           0.258        0.018        0.153        558374465                   658156796                   
GPU 1           71.297            0.000        0.000        0.000        447020                      240018                      
GPU 2           70.023            0.000        0.000        0.000        434467                      245796                      
GPU 3           69.942            0.000        0.000        0.000        524268                      325245                      
GPU 4           185.490           0.255        0.017        0.149        556894079                   627252861                   
GPU 5           72.694            0.000        0.000        0.000        467306                      262466                      
GPU 6           72.017            0.000        0.000        0.000        510975                      316018                      
GPU 7           72.093            0.000        0.000        0.000        499974                      304491                      
GPU 0           188.026           0.254        0.018        0.150        574083092                   684055911                   
GPU 1           71.324            0.000        0.000        0.000        266737                      71793                       
GPU 2           70.079            0.000        0.000        0.000        256280                      69179                       
GPU 3           69.887            0.000        0.000        0.000        210138                      13100                       
GPU 4           187.197           0.252        0.017        0.147        570427059                   643574914                   
GPU 5           72.614            0.000        0.000        0.000        257306                      60265                       
GPU 6           71.996            0.000        0.000        0.000        198628                      14674                       
GPU 7           72.109            0.000        0.000        0.000        197057                      13102                       
#Entity         POWER             SMACT        TENSO        DRAMA        PCITX                       PCIRX                       
ID               W                                                                                                               
GPU 0           189.472           0.259        0.018        0.155        554941952                   654295712                   
GPU 1           71.236            0.000        0.000        0.000        507809                      305000                      
GPU 2           70.084            0.000        0.000        0.000        496304                      301870                      
GPU 3           69.897            0.000        0.000        0.000        500924                      299192                      
GPU 4           188.565           0.257        0.017        0.151        552585619                   623025268                   
GPU 5           72.602            0.000        0.000        0.000        511469                      306567                      
GPU 6           72.024            0.000        0.000        0.000        503635                      308679                      
GPU 7           72.076            0.000        0.000        0.000        494204                      300295                      
GPU 0           186.912           0.252        0.017        0.149        572345667                   675778847                   
GPU 1           71.259            0.000        0.000        0.000        510415                      305515                      
GPU 2           70.112            0.000        0.000        0.000        500506                      306068                      
GPU 3           69.882            0.000        0.000        0.000        511990                      305517                      
GPU 4           186.231           0.252        0.017        0.147        571295674                   649233936                   
GPU 5           72.629            0.000        0.000        0.000        514096                      309191                      
GPU 6           72.168            0.000        0.000        0.000        501549                      308161                      
GPU 7           72.154            0.000        0.000        0.000        498404                      303444                      
GPU 0           183.595           0.243        0.017        0.144        535954657                   631705093                   
GPU 1           71.290            0.000        0.000        0.000        506758                      301854                      
GPU 2           69.979            0.000        0.000        0.000        496744                      303915                      
GPU 3           69.944            0.000        0.000        0.000        505699                      300275                      
GPU 4           184.588           0.251        0.017        0.148        536539185                   605915385                   
GPU 5           72.584            0.000        0.000        0.000        511464                      306564                      
GPU 6           72.028            0.000        0.000        0.000        501536                      307630                      
GPU 7           72.061            0.000        0.000        0.000        499441                      305010                      
GPU 0           185.561           0.248        0.017        0.147        566197720                   674501579                   
GPU 1           71.354            0.000        0.000        0.000        504667                      299760                      
GPU 2           69.977            0.000        0.000        0.000        494205                      300296                      
GPU 3           70.051            0.000        0.000        0.000        506223                      300799                      
GPU 4           185.529           0.246        0.017        0.144        561080708                   633770044                   
GPU 5           72.653            0.000        0.000        0.000        517240                      311287                      
GPU 6           72.104            0.000        0.000        0.000        498932                      305543                      
GPU 7           71.970            0.000        0.000        0.000        503121                      309210                      
GPU 0           186.890           0.254        0.017        0.150        561943776                   661887470                   
GPU 1           71.152            0.000        0.000        0.000        507800                      303422                      
GPU 2           69.996            0.000        0.000        0.000        491591                      297680                      
GPU 3           70.190            0.000        0.000        0.000        506750                      304469                      
GPU 4           187.377           0.255        0.017        0.149        557617005                   628368049                   
GPU 5           72.591            0.000        0.000        0.000        510411                      308133                      
GPU 6           72.086            0.000        0.000        0.000        498928                      305541                      
GPU 7           72.042            0.000        0.000        0.000        503646                      308686                      
GPU 0           185.192           0.253        0.017        0.149        559090483                   662401547                   
GPU 1           71.240            0.000        0.000        0.000        513577                      308146                      
GPU 2           70.091            0.000        0.000        0.000        492633                      298724                      
GPU 3           70.056            0.000        0.000        0.000        505166                      300270                      
GPU 4           187.616           0.254        0.017        0.148        557488097                   628095925                   
GPU 5           72.532            0.000        0.000        0.000        512516                      307614                      
GPU 6           72.043            0.000        0.000        0.000        494683                      306557                      
GPU 7           72.051            0.000        0.000        0.000        506256                      310776                      
GPU 0           187.422           0.253        0.017        0.150        578600441                   691542814                   
GPU 1           71.193            0.000        0.000        0.000        244728                      49260                       
GPU 2           69.919            0.000        0.000        0.000        233742                      52932                       
GPU 3           70.127            0.000        0.000        0.000        254683                      66553                       
GPU 4           185.142           0.251        0.017        0.146        573250393                   651582827                   
GPU 5           72.551            0.000        0.000        0.000        245782                      55550                       
GPU 6           72.113            0.000        0.000        0.000        234265                      56076                       
GPU 7           72.123            0.000        0.000        0.000        244748                      67082                       
GPU 0           188.462           0.258        0.018        0.152        564161961                   663698283                   
GPU 1           71.260            0.000        0.000        0.000        470598                      263598                      
GPU 2           70.203            0.000        0.000        0.000        463817                      259423                      
GPU 3           70.189            0.000        0.000        0.000        459616                      253653                      
GPU 4           189.264           0.255        0.017        0.149        559385777                   630201521                   
GPU 5           72.627            0.000        0.000        0.000        475827                      265687                      
GPU 6           72.122            0.000        0.000        0.000        463285                      262039                      
GPU 7           72.016            0.000        0.000        0.000        450179                      248411                      
GPU 0           186.113           0.249        0.017        0.146        587392940                   692685925                   
GPU 1           71.252            0.000        0.000        0.000        508856                      308143                      
GPU 2           70.289            0.000        0.000        0.000        494726                      300294                      
GPU 3           70.044            0.000        0.000        0.000        509902                      307618                      
GPU 4           182.049           0.245        0.016        0.141        584053533                   658584989                   
GPU 5           72.499            0.000        0.000        0.000        516719                      311289                      
GPU 6           72.013            0.000        0.000        0.000        499974                      306063                      
GPU 7           72.100            0.000        0.000        0.000        508886                      313403                      
GPU 0           188.742           0.256        0.017        0.151        562317472                   662011412                   
GPU 1           71.176            0.000        0.000        0.000        508321                      303944                      
GPU 2           70.282            0.000        0.000        0.000        496830                      302919                      
GPU 3           70.249            0.000        0.000        0.000        498392                      301341                      
GPU 4           184.799           0.251        0.016        0.146        560136295                   630953493                   
GPU 5           72.612            0.000        0.000        0.000        514622                      309192                      
GPU 6           72.168            0.000        0.000        0.000        497362                      303972                      
GPU 7           71.897            0.000        0.000        0.000        495783                      302396                      
GPU 0           189.092           0.254        0.018        0.151        574926336                   683019588                   
GPU 1           71.357            0.000        0.000        0.000        504146                      299238                      
GPU 2           70.324            0.000        0.000        0.000        495256                      301346                      
GPU 3           70.090            0.000        0.000        0.000        503080                      300799                      
GPU 4           187.753           0.252        0.017        0.147        571787383                   645436770                   
GPU 5           72.421            0.000        0.000        0.000        515130                      311279                      
GPU 6           72.112            0.000        0.000        0.000        499441                      305534                      
GPU 7           71.984            0.000        0.000        0.000        502584                      308153                      
GPU 0           190.750           0.261        0.018        0.156        558065684                   659181815                   
GPU 1           71.272            0.000        0.000        0.000        507798                      302373                      
GPU 2           70.291            0.000        0.000        0.000        493170                      298732                      
GPU 3           70.085            0.000        0.000        0.000        501516                      299233                      
GPU 4           188.505           0.258        0.017        0.151        555203892                   625706914                   
GPU 5           72.414            0.000        0.000        0.000        522484                      316006                      
GPU 6           72.094            0.000        0.000        0.000        497881                      303969                      
GPU 7           72.122            0.000        0.000        0.000        497326                      308667                      
GPU 0           189.209           0.257        0.018        0.153        575534741                   683942147                   
GPU 1           71.250            0.000        0.000        0.000        506759                      301854                      
GPU 2           70.380            0.000        0.000        0.000        493168                      299779                      
GPU 3           70.053            0.000        0.000        0.000        498913                      300815                      
GPU 4           188.895           0.254        0.017        0.149        574246070                   648007485                   
GPU 5           72.484            0.000        0.000        0.000        507795                      304467                      
GPU 6           71.964            0.000        0.000        0.000        502583                      308153                      
GPU 7           72.060            0.000        0.000        0.000        508351                      313396                      
GPU 0           191.209           0.259        0.018        0.154        559411821                   659834430                   
GPU 1           71.219            0.000        0.000        0.000        441735                      241566                      
GPU 2           70.450            0.000        0.000        0.000        436032                      244220                      
GPU 3           70.097            0.000        0.000        0.000        501509                      304993                      
GPU 4           190.537           0.258        0.017        0.151        555778462                   626509242                   
GPU 5           72.531            0.000        0.000        0.000        475845                      275655                      
GPU 6           72.015            0.000        0.000        0.000        496834                      302398                      
GPU 7           72.027            0.000        0.000        0.000        507310                      309731                      
#Entity         POWER             SMACT        TENSO        DRAMA        PCITX                       PCIRX                       
ID               W                                                                                                               
GPU 0           188.557           0.258        0.018        0.153        577748382                   682158303                   
GPU 1           71.198            0.000        0.000        0.000        274076                      77558                       
GPU 2           70.300            0.000        0.000        0.000        258378                      70752                       
GPU 3           70.100            0.000        0.000        0.000        206474                      13625                       
GPU 4           189.356           0.256        0.017        0.150        576683162                   659151532                   
GPU 5           72.486            0.000        0.000        0.000        258882                      60266                       
GPU 6           71.979            0.000        0.000        0.000        198627                      14150                       
GPU 7           71.909            0.000        0.000        0.000        197056                      13102                       
GPU 0           190.487           0.261        0.019        0.156        574233918                   680034551                   
GPU 1           71.213            0.000        0.000        0.000        510426                      304473                      
GPU 2           70.258            0.000        0.000        0.000        495778                      301345                      
GPU 3           70.162            0.000        0.000        0.000        505698                      302370                      
GPU 4           192.014           0.264        0.018        0.156        551996405                   624713509                   
GPU 5           72.358            0.000        0.000        0.000        518801                      312328                      
GPU 6           72.008            0.000        0.000        0.000        502070                      308160                      
GPU 7           71.972            0.000        0.000        0.000        497873                      304488                      
GPU 0           190.090           0.257        0.018        0.153        559786364                   661242958                   
GPU 1           71.086            0.000        0.000        0.000        515140                      310236                      
GPU 2           70.179            0.000        0.000        0.000        506272                      318123                      
GPU 3           70.090            0.000        0.000        0.000        501477                      299733                      
GPU 4           188.856           0.254        0.017        0.148        576137552                   651525439                   
GPU 5           72.552            0.000        0.000        0.000        511471                      306568                      
GPU 6           72.035            0.000        0.000        0.000        494671                      301833                      
GPU 7           71.979            0.000        0.000        0.000        497352                      303442                      
GPU 0           188.646           0.256        0.018        0.152        578829752                   690989258                   
GPU 1           71.212            0.000        0.000        0.000        498898                      296613                      
GPU 2           70.394            0.000        0.000        0.000        494735                      300300                      
GPU 3           70.049            0.000        0.000        0.000        505663                      300777                      
GPU 4           188.602           0.255        0.017        0.149        576326865                   650318771                   
GPU 5           72.510            0.000        0.000        0.000        509369                      304468                      
GPU 6           71.974            0.000        0.000        0.000        500489                      306582                      
GPU 7           71.932            0.000        0.000        0.000        495250                      301342                      
GPU 0           185.201           0.249        0.016        0.146        566383319                   668121874                   
GPU 1           71.271            0.000        0.000        0.000        506241                      301334                      
GPU 2           70.293            0.000        0.000        0.000        492107                      298199                      
GPU 3           70.137            0.000        0.000        0.000        520047                      322607                      
GPU 4           188.545           0.249        0.016        0.144        561423408                   632316597                   
GPU 5           72.474            0.000        0.000        0.000        515666                      310238                      
GPU 6           71.961            0.000        0.000        0.000        496832                      305541                      
GPU 7           71.915            0.000        0.000        0.000        505219                      309734                      
GPU 0           187.255           0.250        0.017        0.147        580474198                   690715058                   
GPU 1           71.139            0.000        0.000        0.000        507800                      302898                      
GPU 2           70.134            0.000        0.000        0.000        497883                      304494                      
GPU 3           70.074            0.000        0.000        0.000        506749                      302372                      
GPU 4           183.448           0.247        0.016        0.142        578495970                   652362143                   
GPU 5           72.411            0.000        0.000        0.000        506728                      303932                      
GPU 6           71.822            0.000        0.000        0.000        499976                      310782                      
GPU 7           72.131            0.000        0.000        0.000        503648                      309211                      
GPU 0           191.747           0.260        0.018        0.155        558757541                   661123751                   
GPU 1           71.152            0.000        0.000        0.000        507286                      302380                      
GPU 2           70.393            0.000        0.000        0.000        494727                      300819                      
GPU 3           70.063            0.000        0.000        0.000        502023                      297126                      
GPU 4           189.441           0.257        0.017        0.150        557519296                   628257035                   
GPU 5           72.342            0.000        0.000        0.000        514084                      309708                      
GPU 6           71.914            0.000        0.000        0.000        495247                      304485                      
GPU 7           71.924            0.000        0.000        0.000        497347                      303439                      
GPU 0           190.190           0.256        0.018        0.152        579114617                   682437557                   
GPU 1           71.188            0.000        0.000        0.000        244730                      50308                       
GPU 2           70.298            0.000        0.000        0.000        233743                      52932                       
GPU 3           70.124            0.000        0.000        0.000        252546                      64446                       
GPU 4           189.267           0.256        0.017        0.150        575407506                   654187189                   
GPU 5           72.471            0.000        0.000        0.000        246287                      55545                       
GPU 6           72.090            0.000        0.000        0.000        248413                      66558                       
GPU 7           71.960            0.000        0.000        0.000        246319                      68130                       
GPU 0           190.838           0.259        0.018        0.154        558156529                   658631528                   
GPU 1           71.168            0.000        0.000        0.000        469550                      262550                      
GPU 2           70.249            0.000        0.000        0.000        469585                      269382                      
GPU 3           70.087            0.000        0.000        0.000        459588                      247349                      
GPU 4           187.491           0.254        0.017        0.148        557030885                   627587030                   
GPU 5           72.399            0.000        0.000        0.000        472162                      263593                      
GPU 6           72.141            0.000        0.000        0.000        447562                      253653                      
GPU 7           71.842            0.000        0.000        0.000        448086                      246840                      
GPU 0           188.959           0.254        0.018        0.151        569344510                   671645277                   
GPU 1           71.223            0.000        0.000        0.000        506239                      301333                      
GPU 2           70.355            0.000        0.000        0.000        496827                      301870                      
GPU 3           70.085            0.000        0.000        0.000        518270                      311276                      
GPU 4           187.104           0.252        0.017        0.148        567192305                   643768463                   
GPU 5           72.428            0.000        0.000        0.000        514098                      308668                      
GPU 6           72.092            0.000        0.000        0.000        504167                      317069                      
GPU 7           71.882            0.000        0.000        0.000        497358                      303446                      
GPU 0           192.262           0.264        0.019        0.158        557709080                   658527817                   
GPU 1           71.180            0.000        0.000        0.000        505176                      300275                      
GPU 2           70.193            0.000        0.000        0.000        494213                      300825                      
GPU 3           70.020            0.000        0.000        0.000        508326                      302899                      
GPU 4           191.182           0.262        0.018        0.155        555045854                   625742039                   
GPU 5           72.427            0.000        0.000        0.000        514620                      309191                      
GPU 6           72.072            0.000        0.000        0.000        497359                      303447                      
GPU 7           71.825            0.000        0.000        0.000        493161                      301871                      
GPU 0           191.172           0.258        0.018        0.154        579109884                   686866810                   
GPU 1           71.325            0.000        0.000        0.000        507802                      304471                      
GPU 2           70.250            0.000        0.000        0.000        495778                      301869                      
GPU 3           69.946            0.000        0.000        0.000        506220                      301321                      
GPU 4           188.270           0.253        0.017        0.148        574611483                   648418370                   
GPU 5           72.381            0.000        0.000        0.000        522466                      317043                      
GPU 6           72.198            0.000        0.000        0.000        501014                      307631                      
GPU 7           71.872            0.000        0.000        0.000        500488                      306057                      
GPU 0           191.537           0.262        0.019        0.156        578870774                   689064119                   
GPU 1           71.098            0.000        0.000        0.000        510416                      304992                      
GPU 2           70.265            0.000        0.000        0.000        493168                      299255                      
GPU 3           70.188            0.000        0.000        0.000        509898                      303947                      
GPU 4           190.022           0.256        0.017        0.150        557224894                   627504992                   
GPU 5           72.365            0.000        0.000        0.000        513575                      308145                      
GPU 6           72.174            0.000        0.000        0.000        498405                      303969                      
GPU 7           71.873            0.000        0.000        0.000        504167                      309732                      
GPU 0           189.848           0.260        0.018        0.155        558527356                   660593647                   
GPU 1           71.223            0.000        0.000        0.000        509906                      304476                      
GPU 2           70.176            0.000        0.000        0.000        492120                      298206                      
GPU 3           69.971            0.000        0.000        0.000        503608                      299754                      
GPU 4           188.676           0.256        0.017        0.150        573695255                   647832989                   
GPU 5           72.394            0.000        0.000        0.000        511465                      307088                      
GPU 6           72.091            0.000        0.000        0.000        501015                      307107                      
GPU 7           71.847            0.000        0.000        0.000        496300                      302392                      
#Entity         POWER             SMACT        TENSO        DRAMA        PCITX                       PCIRX                       
ID               W                                                                                                               
GPU 0           191.390           0.257        0.018        0.152        578212132                   690537645                   
GPU 1           71.179            0.000        0.000        0.000        447018                      242112                      
GPU 2           70.293            0.000        0.000        0.000        435507                      244219                      
GPU 3           69.898            0.000        0.000        0.000        511459                      306561                      
GPU 4           187.481           0.254        0.017        0.148        575427581                   649232240                   
GPU 5           72.364            0.000        0.000        0.000        463789                      261503                      
GPU 6           72.041            0.000        0.000        0.000        501548                      306065                      
GPU 7           71.847            0.000        0.000        0.000        512015                      320925                      
GPU 0           192.088           0.261        0.018        0.155        560238983                   660714715                   
GPU 1           71.155            0.000        0.000        0.000        270406                      72842                       
GPU 2           70.193            0.000        0.000        0.000        258376                      70228                       
GPU 3           70.085            0.000        0.000        0.000        210143                      13101                       
GPU 4           188.997           0.257        0.017        0.150        557744916                   628468482                   
GPU 5           72.480            0.000        0.000        0.000        259407                      60266                       
GPU 6           72.052            0.000        0.000        0.000        197056                      13102                       
GPU 7           71.789            0.000        0.000        0.000        198629                      13102                       
GPU 0           189.888           0.254        0.018        0.150        574137629                   680803907                   
GPU 1           71.257            0.000        0.000        0.000        513574                      308668                      
GPU 2           70.346            0.000        0.000        0.000        495779                      300821                      
GPU 3           69.982            0.000        0.000        0.000        503073                      298699                      
GPU 4           185.887           0.251        0.017        0.146        570426698                   643641410                   
GPU 5           72.494            0.000        0.000        0.000        520373                      315996                      
GPU 6           72.058            0.000        0.000        0.000        501017                      307632                      
GPU 7           71.900            0.000        0.000        0.000        499446                      305537                      
GPU 0           191.833           0.262        0.018        0.157        557662359                   658410028                   
GPU 1           71.181            0.000        0.000        0.000        513028                      312323                      
GPU 2           70.194            0.000        0.000        0.000        492083                      298708                      
GPU 3           70.079            0.000        0.000        0.000        504661                      299233                      
GPU 4           190.626           0.256        0.017        0.150        555126432                   625585283                   
GPU 5           72.484            0.000        0.000        0.000        535056                      332248                      
GPU 6           72.070            0.000        0.000        0.000        497877                      303967                      
GPU 7           71.743            0.000        0.000        0.000        499456                      305543                      
GPU 0           190.662           0.255        0.018        0.152        574808725                   682810149                   
GPU 1           71.123            0.000        0.000        0.000        508332                      302903                      
GPU 2           70.224            0.000        0.000        0.000        494738                      304495                      
GPU 3           69.942            0.000        0.000        0.000        507277                      302374                      
GPU 4           187.761           0.252        0.017        0.147        571623927                   644954727                   
GPU 5           72.458            0.000        0.000        0.000        510942                      306041                      
GPU 6           72.111            0.000        0.000        0.000        521979                      310777                      
GPU 7           71.862            0.000        0.000        0.000        496819                      302912                      
GPU 0           189.344           0.259        0.018        0.154        555968817                   658466242                   
GPU 1           71.201            0.000        0.000        0.000        504145                      301858                      
GPU 2           70.210            0.000        0.000        0.000        509272                      318033                      
GPU 3           70.038            0.000        0.000        0.000        507792                      303941                      
GPU 4           191.921           0.258        0.018        0.151        555007533                   625609776                   
GPU 5           72.519            0.000        0.000        0.000        518678                      320637                      
GPU 6           72.055            0.000        0.000        0.000        497845                      305519                      
GPU 7           71.890            0.000        0.000        0.000        500506                      306592                      
GPU 0           189.238           0.253        0.017        0.149        573540201                   681465836                   
GPU 1           71.201            0.000        0.000        0.000        509891                      304991                      
GPU 2           70.219            0.000        0.000        0.000        494738                      300826                      
GPU 3           70.127            0.000        0.000        0.000        515138                      309712                      
GPU 4           187.507           0.252        0.017        0.148        570831600                   643847571                   
GPU 5           72.412            0.000        0.000        0.000        514101                      309718                      
GPU 6           72.072            0.000        0.000        0.000        497881                      303969                      
GPU 7           71.855            0.000        0.000        0.000        493164                      301349                      
GPU 0           189.506           0.254        0.017        0.150        583591339                   692880978                   
GPU 1           71.252            0.000        0.000        0.000        508333                      303952                      
GPU 2           70.110            0.000        0.000        0.000        496303                      302393                      
GPU 3           70.068            0.000        0.000        0.000        516108                      314062                      
GPU 4           189.812           0.254        0.017        0.148        559495572                   630258455                   
GPU 5           72.398            0.000        0.000        0.000        515661                      309711                      
GPU 6           72.191            0.000        0.000        0.000        505733                      311825                      
GPU 7           71.844            0.000        0.000        0.000        496823                      302915                      
GPU 0           189.202           0.252        0.017        0.149        558307115                   657915743                   
GPU 1           71.247            0.000        0.000        0.000        245776                      51880                       
GPU 2           70.238            0.000        0.000        0.000        233743                      52932                       
GPU 3           69.999            0.000        0.000        0.000        261449                      72304                       
GPU 4           189.830           0.255        0.017        0.149        577265187                   651332919                   
GPU 5           72.429            0.000        0.000        0.000        244735                      54502                       
GPU 6           72.155            0.000        0.000        0.000        501547                      305540                      
GPU 7           71.914            0.000        0.000        0.000        245271                      67607                       
GPU 0           189.840           0.256        0.018        0.151        575596298                   684623831                   
GPU 1           71.151            0.000        0.000        0.000        481605                      274079                      
GPU 2           70.148            0.000        0.000        0.000        463298                      264142                      
GPU 3           70.049            0.000        0.000        0.000        459667                      249489                      
GPU 4           191.227           0.258        0.018        0.152        572732168                   646700660                   
GPU 5           72.404            0.000        0.000        0.000        479496                      269356                      
GPU 6           72.024            0.000        0.000        0.000        197054                      18342                       
GPU 7           71.936            0.000        0.000        0.000        451232                      249461                      
GPU 0           189.420           0.257        0.018        0.153        560201603                   659723686                   
GPU 1           71.134            0.000        0.000        0.000        510952                      304999                      
GPU 2           70.198            0.000        0.000        0.000        492635                      299249                      
GPU 3           70.028            0.000        0.000        0.000        505170                      299224                      
GPU 4           189.327           0.256        0.017        0.150        555858431                   626447772                   
GPU 5           72.362            0.000        0.000        0.000        516197                      310766                      
GPU 6           72.141            0.000        0.000        0.000        501546                      301347                      
GPU 7           71.806            0.000        0.000        0.000        506269                      310784                      
GPU 0           189.932           0.254        0.018        0.151        573628914                   683683595                   
GPU 1           71.188            0.000        0.000        0.000        513561                      308136                      
GPU 2           70.138            0.000        0.000        0.000        497879                      303968                      
GPU 3           70.047            0.000        0.000        0.000        505711                      300806                      
GPU 4           187.412           0.250        0.017        0.146        571182092                   644368479                   
GPU 5           72.445            0.000        0.000        0.000        515088                      310205                      
GPU 6           72.007            0.000        0.000        0.000        496836                      303447                      
GPU 7           71.835            0.000        0.000        0.000        495266                      301352                      
GPU 0           189.945           0.258        0.018        0.154        550543635                   657326384                   
GPU 1           71.142            0.000        0.000        0.000        505195                      300287                      
GPU 2           70.159            0.000        0.000        0.000        492634                      299249                      
GPU 3           70.040            0.000        0.000        0.000        507265                      302892                      
GPU 4           191.254           0.257        0.018        0.151        549646816                   618952266                   
GPU 5           72.489            0.000        0.000        0.000        517226                      312327                      
GPU 6           72.152            0.000        0.000        0.000        509909                      323344                      
GPU 7           71.784            0.000        0.000        0.000        502588                      308680                      
GPU 0           182.658           0.233        0.016        0.136        521496200                   628474698                   
GPU 1           71.209            0.000        0.000        0.000        516183                      309709                      
GPU 2           70.245            0.000        0.000        0.000        495787                      301875                      
GPU 3           69.987            0.000        0.000        0.000        513568                      307092                      
GPU 4           183.444           0.231        0.016        0.137        516952939                   576866952                   
GPU 5           72.412            0.000        0.000        0.000        512527                      307621                      
GPU 6           72.109            0.000        0.000        0.000        539227                      342986                      
GPU 7           71.764            0.000        0.000        0.000        496315                      301877                      
#Entity         POWER             SMACT        TENSO        DRAMA        PCITX                       PCIRX                       
ID               W                                                                                                               
GPU 0           185.285           0.237        0.016        0.140        509718632                   608067935                   
GPU 1           71.162            0.000        0.000        0.000        507811                      302905                      
GPU 2           70.213            0.000        0.000        0.000        490024                      296111                      
GPU 3           69.956            0.000        0.000        0.000        507809                      302380                      
GPU 4           185.436           0.238        0.016        0.141        504700170                   561837878                   
GPU 5           72.531            0.000        0.000        0.000        510417                      306040                      
GPU 6           72.062            0.000        0.000        0.000        499440                      305534                      
GPU 7           71.894            0.000        0.000        0.000        501542                      307633                      
GPU 0           183.985           0.236        0.016        0.138        523432157                   631342623                   
GPU 1           71.146            0.000        0.000        0.000        447018                      242637                      
GPU 2           70.177            0.000        0.000        0.000        438122                      246837                      
GPU 3           70.099            0.000        0.000        0.000        502548                      299747                      
GPU 4           183.557           0.230        0.016        0.136        517091290                   577078093                   
GPU 5           72.477            0.000        0.000        0.000        464315                      262552                      
GPU 6           72.179            0.000        0.000        0.000        503642                      307635                      
GPU 7           71.775            0.000        0.000        0.000        506789                      310257                      
GPU 0           182.004           0.231        0.016        0.135        518755061                   623783114                   
GPU 1           71.082            0.000        0.000        0.000        276172                      78082                       
GPU 2           70.198            0.000        0.000        0.000        258376                      70228                       
GPU 3           70.050            0.000        0.000        0.000        210145                      13101                       
GPU 4           182.779           0.230        0.016        0.137        511908142                   571191283                   
GPU 5           72.407            0.000        0.000        0.000        259407                      59742                       
GPU 6           72.067            0.000        0.000        0.000        239173                      64796                       
GPU 7           71.773            0.000        0.000        0.000        198629                      17294                       
GPU 0           179.264           0.228        0.014        0.132        531956134                   622375837                   
GPU 1           71.208            0.000        0.000        0.000        505189                      300283                      
GPU 2           70.152            0.000        0.000        0.000        497353                      301870                      
GPU 3           70.003            0.000        0.000        0.000        507268                      302369                      
GPU 4           175.357           0.219        0.013        0.125        523171475                   582644270                   
GPU 5           72.375            0.000        0.000        0.000        517755                      311806                      
GPU 6           72.226            0.000        0.000        0.000        490883                      283582                      
GPU 7           71.857            0.000        0.000        0.000        503640                      304490                      
GPU 0           185.466           0.246        0.016        0.142        571322223                   665731298                   
GPU 1           71.137            0.000        0.000        0.000        513563                      308138                      
GPU 2           70.145            0.000        0.000        0.000        493166                      299254                      
GPU 3           69.808            0.000        0.000        0.000        506231                      300804                      
GPU 4           180.806           0.242        0.015        0.138        570155022                   641516642                   
GPU 5           72.197            0.000        0.000        0.000        513049                      307620                      
GPU 6           72.128            0.000        0.000        0.000        498930                      307115                      
GPU 7           71.895            0.000        0.000        0.000        496800                      305521                      
GPU 0           185.529           0.243        0.015        0.140        567004701                   661155486                   
GPU 1           71.144            0.000        0.000        0.000        510957                      305526                      
GPU 2           70.253            0.000        0.000        0.000        493685                      299774                      
GPU 3           69.934            0.000        0.000        0.000        502561                      298183                      
GPU 4           180.994           0.243        0.015        0.139        565219373                   636340524                   
GPU 5           72.413            0.000        0.000        0.000        514611                      309185                      
GPU 6           72.013            0.000        0.000        0.000        501537                      307630                      
GPU 7           71.813            0.000        0.000        0.000        499968                      305012                      
GPU 0           184.851           0.239        0.015        0.138        576492851                   678642604                   
GPU 1           71.147            0.000        0.000        0.000        506765                      301334                      
GPU 2           70.301            0.000        0.000        0.000        501544                      306062                      
GPU 3           70.071            0.000        0.000        0.000        511461                      305514                      
GPU 4           181.868           0.244        0.015        0.140        564276654                   635163785                   
GPU 5           72.351            0.000        0.000        0.000        515669                      310764                      
GPU 6           72.030            0.000        0.000        0.000        496838                      302924                      
GPU 7           71.854            0.000        0.000        0.000        505165                      318610                      
GPU 0           187.074           0.248        0.016        0.146        561347880                   665454340                   
GPU 1           71.188            0.000        0.000        0.000        510946                      305520                      
GPU 2           70.148            0.000        0.000        0.000        494738                      304495                      
GPU 3           70.008            0.000        0.000        0.000        517240                      311811                      
GPU 4           188.974           0.250        0.017        0.146        568190844                   641560858                   
GPU 5           72.331            0.000        0.000        0.000        514101                      309718                      
GPU 6           72.097            0.000        0.000        0.000        500500                      307113                      
GPU 7           71.864            0.000        0.000        0.000        502080                      307118                      
GPU 0           190.551           0.253        0.018        0.150        567862999                   675735061                   
GPU 1           71.095            0.000        0.000        0.000        506237                      303952                      
GPU 2           70.164            0.000        0.000        0.000        515736                      323055                      
GPU 3           70.013            0.000        0.000        0.000        506748                      301848                      
GPU 4           190.569           0.256        0.018        0.151        565894585                   638954885                   
GPU 5           72.413            0.000        0.000        0.000        526626                      328027                      
GPU 6           72.112            0.000        0.000        0.000        493570                      302848                      
GPU 7           71.724            0.000        0.000        0.000        497349                      303440                      
GPU 0           192.368           0.259        0.018        0.154        559004337                   657485562                   
GPU 1           71.234            0.000        0.000        0.000        242638                      48737                       
GPU 2           70.178            0.000        0.000        0.000        234264                      53456                       
GPU 3           70.004            0.000        0.000        0.000        256263                      66555                       
GPU 4           189.523           0.255        0.017        0.149        556077526                   626841938                   
GPU 5           72.294            0.000        0.000        0.000        245261                      55026                       
GPU 6           72.147            0.000        0.000        0.000        246318                      67082                       
GPU 7           71.831            0.000        0.000        0.000        245273                      67607                       
GPU 0           191.002           0.256        0.018        0.153        570034254                   676512462                   
GPU 1           71.130            0.000        0.000        0.000        471649                      264123                      
GPU 2           70.257            0.000        0.000        0.000        459102                      260472                      
GPU 3           70.045            0.000        0.000        0.000        459590                      247875                      
GPU 4           189.350           0.253        0.017        0.148        567858044                   640006735                   
GPU 5           72.308            0.000        0.000        0.000        475830                      266213                      
GPU 6           71.996            0.000        0.000        0.000        452801                      253128                      
GPU 7           71.868            0.000        0.000        0.000        450708                      248937                      
GPU 0           191.438           0.260        0.018        0.154        558356517                   657035406                   
GPU 1           71.172            0.000        0.000        0.000        506765                      301858                      
GPU 2           70.238            0.000        0.000        0.000        493151                      299244                      
GPU 3           69.972            0.000        0.000        0.000        508308                      308653                      
GPU 4           190.894           0.257        0.017        0.150        556315457                   627932047                   
GPU 5           72.351            0.000        0.000        0.000        516197                      309718                      
GPU 6           72.075            0.000        0.000        0.000        497876                      303966                      
GPU 7           71.809            0.000        0.000        0.000        500504                      305543                      
GPU 0           192.038           0.259        0.018        0.154        579418492                   688528691                   
GPU 1           71.038            0.000        0.000        0.000        515659                      309186                      
GPU 2           70.087            0.000        0.000        0.000        499433                      305529                      
GPU 3           70.038            0.000        0.000        0.000        506758                      301329                      
GPU 4           191.235           0.254        0.017        0.149        576165801                   649341326                   
GPU 5           72.416            0.000        0.000        0.000        516142                      312305                      
GPU 6           72.090            0.000        0.000        0.000        500501                      306589                      
GPU 7           71.868            0.000        0.000        0.000        507318                      310784                      
GPU 0           191.885           0.257        0.018        0.152        580104881                   692530217                   
GPU 1           71.158            0.000        0.000        0.000        511480                      306049                      
GPU 2           70.169            0.000        0.000        0.000        496827                      302918                      
GPU 3           69.940            0.000        0.000        0.000        504652                      299752                      
GPU 4           187.943           0.253        0.017        0.148        553294344                   624353229                   
GPU 5           72.480            0.000        0.000        0.000        511985                      307086                      
GPU 6           72.102            0.000        0.000        0.000        498886                      307612                      
GPU 7           71.802            0.000        0.000        0.000        496824                      303440                      
#Entity         POWER             SMACT        TENSO        DRAMA        PCITX                       PCIRX                       
ID               W                                                                                                               
GPU 0           182.495           0.234        0.014        0.134        569492032                   679599850                   
GPU 1           71.116            0.000        0.000        0.000        507795                      302895                      
GPU 2           70.188            0.000        0.000        0.000        495260                      301349                      
GPU 3           70.009            0.000        0.000        0.000        504137                      301329                      
GPU 4           182.094           0.243        0.015        0.138        588854846                   663656804                   
GPU 5           72.430            0.000        0.000        0.000        510390                      307072                      
GPU 6           72.089            0.000        0.000        0.000        500503                      306591                      
GPU 7           71.858            0.000        0.000        0.000        496835                      302922                      
GPU 0           192.081           0.251        0.017        0.147        582697995                   692258497                   
GPU 1           71.022            0.000        0.000        0.000        507807                      302902                      
GPU 2           70.194            0.000        0.000        0.000        494217                      300303                      
GPU 3           70.045            0.000        0.000        0.000        504663                      299758                      
GPU 4           189.939           0.250        0.017        0.145        579204413                   653327571                   
GPU 5           72.523            0.000        0.000        0.000        515661                      318095                      
GPU 6           72.094            0.000        0.000        0.000        493149                      302388                      
GPU 7           71.797            0.000        0.000        0.000        499965                      305010                      
GPU 0           193.394           0.262        0.019        0.157        572970354                   684192486                   
GPU 1           71.075            0.000        0.000        0.000        449640                      244734                      
GPU 2           70.243            0.000        0.000        0.000        439695                      247885                      
GPU 3           70.062            0.000        0.000        0.000        513030                      309180                      
GPU 4           195.445           0.265        0.019        0.157        570883289                   644770331                   
GPU 5           72.367            0.000        0.000        0.000        455404                      254166                      
GPU 6           72.117            0.000        0.000        0.000        494734                      298727                      
GPU 7           71.688            0.000        0.000        0.000        492115                      297155                      
GPU 0           192.888           0.259        0.018        0.154        556207699                   657355212                   
GPU 1           71.052            0.000        0.000        0.000        263595                      74414                       
GPU 2           70.242            0.000        0.000        0.000        259949                      71800                       
GPU 3           69.970            0.000        0.000        0.000        210145                      13625                       
GPU 4           197.121           0.267        0.019        0.159        552026423                   622738374                   
GPU 5           72.357            0.000        0.000        0.000        256788                      60790                       
GPU 6           72.207            0.000        0.000        0.000        197057                      14150                       
GPU 7           71.899            0.000        0.000        0.000        198628                      13102                       
GPU 0           192.205           0.254        0.017        0.150        583233073                   691276292                   
GPU 1           71.045            0.000        0.000        0.000        506759                      305522                      
GPU 2           70.157            0.000        0.000        0.000        494733                      301347                      
GPU 3           69.947            0.000        0.000        0.000        509363                      303941                      
GPU 4           192.324           0.252        0.017        0.148        576630892                   650662715                   
GPU 5           72.407            0.000        0.000        0.000        516708                      316523                      
GPU 6           72.039            0.000        0.000        0.000        503107                      309725                      
GPU 7           71.875            0.000        0.000        0.000        497354                      303443                      
GPU 0           193.646           0.260        0.018        0.155        576320970                   683926250                   
GPU 1           71.196            0.000        0.000        0.000        508848                      307615                      
GPU 2           70.009            0.000        0.000        0.000        494738                      300301                      
GPU 3           70.088            0.000        0.000        0.000        504133                      299755                      
GPU 4           193.704           0.256        0.018        0.151        576023948                   650047588                   
GPU 5           72.386            0.000        0.000        0.000        515670                      311288                      
GPU 6           72.113            0.000        0.000        0.000        494213                      302397                      
GPU 7           71.828            0.000        0.000        0.000        520372                      328049                      
GPU 0           192.512           0.263        0.019        0.157        557724453                   656452487                   
GPU 1           71.071            0.000        0.000        0.000        506240                      302905                      
GPU 2           70.190            0.000        0.000        0.000        496833                      302397                      
GPU 3           70.057            0.000        0.000        0.000        505708                      301852                      
GPU 4           195.107           0.260        0.018        0.153        555258814                   626141703                   
GPU 5           72.349            0.000        0.000        0.000        510420                      305518                      
GPU 6           72.037            0.000        0.000        0.000        500490                      306059                      
GPU 7           71.777            0.000        0.000        0.000        497872                      304488                      
