#Entity         POWER             SMACT        TENSO        DRAMA        PCITX                       PCIRX                       
ID               W                                                                                                               
GPU 0           97.052            N/A          N/A          N/A          N/A                         N/A                         
GPU 1           71.566            N/A          N/A          N/A          N/A                         N/A                         
GPU 2           70.589            N/A          N/A          N/A          N/A                         N/A                         
GPU 3           70.579            N/A          N/A          N/A          N/A                         N/A                         
GPU 4           71.895            N/A          N/A          N/A          N/A                         N/A                         
GPU 5           73.118            N/A          N/A          N/A          N/A                         N/A                         
GPU 6           72.621            N/A          N/A          N/A          N/A                         N/A                         
GPU 7           72.318            N/A          N/A          N/A          N/A                         N/A                         
GPU 0           97.003            0.000        0.000        0.000        501095                      292480                      
GPU 1           71.512            0.000        0.000        0.000        533466                      333285                      
GPU 2           70.678            0.000        0.000        0.000        519894                      334367                      
GPU 3           70.593            0.000        0.000        0.000        531913                      329629                      
GPU 4           71.836            0.000        0.000        0.000        517283                      328084                      
GPU 5           73.107            0.000        0.000        0.000        527185                      326477                      
GPU 6           72.666            0.000        0.000        0.000        520411                      331218                      
GPU 7           72.329            0.000        0.000        0.000        525642                      334880                      
GPU 0           97.054            0.000        0.000        0.000        510530                      302439                      
GPU 1           71.514            0.000        0.000        0.000        532952                      335388                      
GPU 2           70.674            0.000        0.000        0.000        526693                      341171                      
GPU 3           70.617            0.000        0.000        0.000        533990                      333809                      
GPU 4           71.906            0.000        0.000        0.000        519890                      329124                      
GPU 5           73.118            0.000        0.000        0.000        528751                      326997                      
GPU 6           72.662            0.000        0.000        0.000        521466                      329650                      
GPU 7           72.317            0.000        0.000        0.000        523034                      331744                      
GPU 0           97.096            0.000        0.000        0.000        514715                      306103                      
GPU 1           71.560            0.000        0.000        0.000        538710                      339052                      
GPU 2           70.649            0.000        0.000        0.000        519368                      330173                      
GPU 3           70.642            0.000        0.000        0.000        526156                      328585                      
GPU 4           71.882            0.000        0.000        0.000        516213                      325974                      
GPU 5           73.092            0.000        0.000        0.000        527722                      325961                      
GPU 6           72.660            0.000        0.000        0.000        517798                      327030                      
GPU 7           72.328            0.000        0.000        0.000        513593                      323354                      
GPU 0           97.180            0.000        0.000        0.000        735924                      545129                      
GPU 1           71.535            0.000        0.000        0.000        794475                      615770                      
GPU 2           70.688            0.000        0.000        0.000        776144                      607394                      
GPU 3           70.600            0.000        0.000        0.000        790783                      607367                      
GPU 4           71.910            0.000        0.000        0.000        794498                      620505                      
GPU 5           73.097            0.000        0.000        0.000        801766                      618879                      
GPU 6           72.653            0.000        0.000        0.000        786639                      614218                      
GPU 7           72.327            0.000        0.000        0.000        782960                      610541                      
GPU 0           97.081            0.000        0.000        0.000        238488                      42456                       
GPU 1           71.563            0.000        0.000        0.000        244728                      51880                       
GPU 2           70.709            0.000        0.000        0.000        430276                      233743                      
GPU 3           70.626            0.000        0.000        0.000        445955                      240533                      
GPU 4           71.892            0.000        0.000        0.000        402485                      207531                      
GPU 5           73.070            0.000        0.000        0.000        254688                      67078                       
GPU 6           72.662            0.000        0.000        0.000        198627                      21487                       
GPU 7           72.333            0.000        0.000        0.000        242124                      67606                       
GPU 0           97.102            0.000        0.000        0.000        481175                      272036                      
GPU 1           71.565            0.000        0.000        0.000        494161                      289789                      
GPU 2           70.662            0.000        0.000        0.000        282482                      105341                      
GPU 3           70.637            0.000        0.000        0.000        292417                      101664                      
GPU 4           71.854            0.000        0.000        0.000        316024                      136262                      
GPU 5           73.064            0.000        0.000        0.000        488936                      278793                      
GPU 6           72.661            0.000        0.000        0.000        516213                      317589                      
GPU 7           72.328            0.000        0.000        0.000        483724                      280906                      
GPU 0           97.078            0.000        0.000        0.000        552988                      351187                      
GPU 1           71.516            0.000        0.000        0.000        568492                      380916                      
GPU 2           70.710            0.000        0.000        0.000        558135                      378379                      
GPU 3           70.639            0.000        0.000        0.000        582711                      393539                      
GPU 4           71.872            0.000        0.000        0.000        559195                      379959                      
GPU 5           73.067            0.000        0.000        0.000        570152                      378878                      
GPU 6           72.687            0.000        0.000        0.000        558146                      378386                      
GPU 7           72.339            0.000        0.000        0.000        559194                      379958                      
GPU 0           96.883            0.000        0.000        0.000        523104                      315015                      
GPU 1           71.513            0.000        0.000        0.000        538171                      346379                      
GPU 2           70.621            0.000        0.000        0.000        523554                      336982                      
GPU 3           70.639            0.000        0.000        0.000        536620                      336960                      
GPU 4           71.905            0.000        0.000        0.000        518827                      332258                      
GPU 5           73.086            0.000        0.000        0.000        534969                      345293                      
GPU 6           72.673            0.000        0.000        0.000        516171                      330140                      
GPU 7           72.330            0.000        0.000        0.000        520934                      333838                      
GPU 0           96.922            0.000        0.000        0.000        543552                      315543                      
GPU 1           71.535            0.000        0.000        0.000        535577                      338011                      
GPU 2           70.725            0.000        0.000        0.000        519880                      340647                      
GPU 3           70.639            0.000        0.000        0.000        540293                      340106                      
GPU 4           71.956            0.000        0.000        0.000        520412                      332791                      
GPU 5           73.088            0.000        0.000        0.000        532423                      333813                      
GPU 6           72.671            0.000        0.000        0.000        519353                      332260                      
GPU 7           72.337            0.000        0.000        0.000        523027                      335408                      
GPU 0           100.299           0.007        0.001        0.005        747418                      3572513                     
GPU 1           71.543            0.000        0.000        0.000        539249                      338537                      
GPU 2           70.745            0.000        0.000        0.000        517795                      330173                      
GPU 3           70.652            0.000        0.000        0.000        533990                      333285                      
GPU 4           71.891            0.000        0.000        0.000        517783                      328069                      
GPU 5           73.097            0.000        0.000        0.000        524577                      323865                      
GPU 6           72.657            0.000        0.000        0.000        521990                      331222                      
GPU 7           72.330            0.000        0.000        0.000        523033                      332267                      
GPU 0           97.772            0.001        0.000        0.001        548261                      780984                      
GPU 1           71.507            0.000        0.000        0.000        466397                      265165                      
GPU 2           70.709            0.000        0.000        0.000        517268                      328598                      
GPU 3           70.633            0.000        0.000        0.000        539151                      344239                      
GPU 4           71.931            0.000        0.000        0.000        512030                      322836                      
GPU 5           73.109            0.000        0.000        0.000        521442                      322822                      
GPU 6           72.667            0.000        0.000        0.000        461717                      273571                      
GPU 7           72.348            0.000        0.000        0.000        518829                      327543                      
GPU 0           104.374           0.054        0.002        0.035        1666958                     10369065                    
GPU 1           71.525            0.000        0.000        0.000        273031                      80179                       
GPU 2           70.684            0.000        0.000        0.000        417831                      222970                      
GPU 3           70.641            0.000        0.000        0.000        244202                      52927                       
GPU 4           71.889            0.000        0.000        0.000        198102                      20439                       
GPU 5           73.126            0.000        0.000        0.000        210138                      20437                       
GPU 6           72.669            0.000        0.000        0.000        292535                      111487                      
GPU 7           72.341            0.000        0.000        0.000        198627                      22011                       
GPU 0           236.679           0.396        0.019        0.248        8506372                     57168948                    
GPU 1           71.533            0.000        0.000        0.000        527707                      333288                      
GPU 2           70.551            0.000        0.000        0.000        281959                      103245                      
GPU 3           70.552            0.000        0.000        0.000        489458                      287177                      
GPU 4           71.877            0.000        0.000        0.000        518310                      320734                      
GPU 5           73.062            0.000        0.000        0.000        524571                      317048                      
GPU 6           72.675            0.000        0.000        0.000        526423                      328432                      
GPU 7           72.445            0.000        0.000        0.000        534566                      331745                      
GPU 0           233.757           0.385        0.019        0.243        8461667                     55783799                    
GPU 1           71.553            0.000        0.000        0.000        531915                      335919                      
GPU 2           70.542            0.000        0.000        0.000        520929                      333834                      
GPU 3           70.333            0.000        0.000        0.000        534528                      334866                      
GPU 4           71.927            0.000        0.000        0.000        502068                      316544                      
GPU 5           73.059            0.000        0.000        0.000        526130                      326473                      
GPU 6           72.703            0.000        0.000        0.000        515687                      326497                      
GPU 7           72.369            0.000        0.000        0.000        511492                      322827                      
#Entity         POWER             SMACT        TENSO        DRAMA        PCITX                       PCIRX                       
ID               W                                                                                                               
GPU 0           223.277           0.371        0.017        0.225        8371473                     55992318                    
GPU 1           71.598            0.000        0.000        0.000        533957                      347936                      
GPU 2           70.649            0.000        0.000        0.000        519367                      330696                      
GPU 3           70.439            0.000        0.000        0.000        526650                      325947                      
GPU 4           71.916            0.000        0.000        0.000        516732                      326495                      
GPU 5           73.049            0.000        0.000        0.000        525617                      323336                      
GPU 6           72.628            0.000        0.000        0.000        515698                      325456                      
GPU 7           72.392            0.000        0.000        0.000        508370                      322841                      
GPU 0           226.470           0.364        0.017        0.225        8124809                     54063550                    
GPU 1           71.589            0.000        0.000        0.000        546012                      348462                      
GPU 2           70.613            0.000        0.000        0.000        521464                      332269                      
GPU 3           70.491            0.000        0.000        0.000        527193                      329627                      
GPU 4           71.936            0.000        0.000        0.000        519366                      328076                      
GPU 5           73.084            0.000        0.000        0.000        526665                      324907                      
GPU 6           72.641            0.000        0.000        0.000        519358                      328595                      
GPU 7           72.412            0.000        0.000        0.000        522975                      334326                      
GPU 0           259.130           0.456        0.023        0.285        11322451                    72132513                    
GPU 1           71.562            0.000        0.000        0.000        537153                      339061                      
GPU 2           70.601            0.000        0.000        0.000        525121                      338551                      
GPU 3           70.411            0.000        0.000        0.000        535569                      337481                      
GPU 4           71.931            0.000        0.000        0.000        517267                      330170                      
GPU 5           73.091            0.000        0.000        0.000        526656                      328570                      
GPU 6           72.632            0.000        0.000        0.000        517799                      330175                      
GPU 7           72.394            0.000        0.000        0.000        519369                      332794                      
GPU 0           259.032           0.466        0.022        0.285        12399028                    79512262                    
GPU 1           71.582            0.000        0.000        0.000        244203                      49783                       
GPU 2           70.588            0.000        0.000        0.000        524082                      336984                      
GPU 3           70.491            0.000        0.000        0.000        452780                      246828                      
GPU 4           71.869            0.000        0.000        0.000        244738                      68128                       
GPU 5           73.088            0.000        0.000        0.000        256262                      67079                       
GPU 6           72.645            0.000        0.000        0.000        198626                      19391                       
GPU 7           72.431            0.000        0.000        0.000        243695                      69178                       
GPU 0           267.464           0.484        0.024        0.300        12424477                    80134182                    
GPU 1           71.577            0.000        0.000        0.000        503608                      303422                      
GPU 2           70.463            0.000        0.000        0.000        198051                      13098                       
GPU 3           70.522            0.000        0.000        0.000        293989                      105333                      
GPU 4           71.846            0.000        0.000        0.000        472204                      276719                      
GPU 5           73.172            0.000        0.000        0.000        493114                      288742                      
GPU 6           72.661            0.000        0.000        0.000        518840                      325978                      
GPU 7           72.422            0.000        0.000        0.000        473243                      275665                      
GPU 0           269.427           0.492        0.024        0.304        13023905                    82211865                    
GPU 1           71.548            0.000        0.000        0.000        535058                      337490                      
GPU 2           70.507            0.000        0.000        0.000        521989                      336463                      
GPU 3           70.522            0.000        0.000        0.000        535569                      338006                      
GPU 4           71.954            0.000        0.000        0.000        519882                      332263                      
GPU 5           73.093            0.000        0.000        0.000        532434                      333295                      
GPU 6           72.731            0.000        0.000        0.000        522441                      335368                      
GPU 7           72.390            0.000        0.000        0.000        520938                      332792                      
GPU 0           262.072           0.460        0.023        0.288        11631701                    73796011                    
GPU 1           71.560            0.000        0.000        0.000        537665                      339578                      
GPU 2           70.550            0.000        0.000        0.000        522517                      335417                      
GPU 3           70.492            0.000        0.000        0.000        537626                      341649                      
GPU 4           71.832            0.000        0.000        0.000        518314                      331218                      
GPU 5           73.149            0.000        0.000        0.000        532959                      334868                      
GPU 6           72.709            0.000        0.000        0.000        516216                      329120                      
GPU 7           72.401            0.000        0.000        0.000        515159                      328591                      
GPU 0           270.474           0.492        0.024        0.305        12881166                    81541064                    
GPU 1           71.481            0.000        0.000        0.000        543959                      345870                      
GPU 2           70.602            0.000        0.000        0.000        521980                      335409                      
GPU 3           70.540            0.000        0.000        0.000        539236                      341149                      
GPU 4           72.024            0.000        0.000        0.000        512553                      330172                      
GPU 5           73.140            0.000        0.000        0.000        529683                      333213                      
GPU 6           72.709            0.000        0.000        0.000        519889                      332792                      
GPU 7           72.403            0.000        0.000        0.000        519894                      332795                      
GPU 0           262.649           0.479        0.023        0.295        12726169                    80965372                    
GPU 1           71.562            0.000        0.000        0.000        536622                      339057                      
GPU 2           70.615            0.000        0.000        0.000        518504                      332576                      
GPU 3           70.576            0.000        0.000        0.000        534532                      336965                      
GPU 4           71.902            0.000        0.000        0.000        524073                      336979                      
GPU 5           73.125            0.000        0.000        0.000        528769                      330153                      
GPU 6           72.728            0.000        0.000        0.000        518262                      331708                      
GPU 7           72.399            0.000        0.000        0.000        520411                      333315                      
GPU 0           259.301           0.468        0.021        0.282        12838127                    82086241                    
GPU 1           71.530            0.000        0.000        0.000        559685                      341156                      
GPU 2           70.625            0.000        0.000        0.000        525129                      338556                      
GPU 3           70.530            0.000        0.000        0.000        538199                      342205                      
GPU 4           71.991            0.000        0.000        0.000        522509                      335936                      
GPU 5           73.157            0.000        0.000        0.000        529118                      332663                      
GPU 6           72.674            0.000        0.000        0.000        518314                      332266                      
GPU 7           72.370            0.000        0.000        0.000        519882                      332263                      
GPU 0           261.500           0.472        0.022        0.285        12757043                    81762054                    
GPU 1           71.570            0.000        0.000        0.000        450159                      246303                      
GPU 2           70.600            0.000        0.000        0.000        514654                      329651                      
GPU 3           70.533            0.000        0.000        0.000        449623                      243152                      
GPU 4           71.932            0.000        0.000        0.000        244740                      66032                       
GPU 5           73.137            0.000        0.000        0.000        255215                      64458                       
GPU 6           72.668            0.000        0.000        0.000        198627                      18342                       
GPU 7           72.421            0.000        0.000        0.000        242654                      67083                       
GPU 0           260.761           0.472        0.022        0.284        12578601                    81721083                    
GPU 1           71.584            0.000        0.000        0.000        296081                      105331                      
GPU 2           70.609            0.000        0.000        0.000        198629                      13102                       
GPU 3           70.524            0.000        0.000        0.000        294514                      106381                      
GPU 4           71.929            0.000        0.000        0.000        474823                      280910                      
GPU 5           73.131            0.000        0.000        0.000        484219                      280365                      
GPU 6           72.619            0.000        0.000        0.000        519360                      327024                      
GPU 7           72.380            0.000        0.000        0.000        469049                      273568                      
GPU 0           248.577           0.431        0.021        0.265        10783058                    69895183                    
GPU 1           71.559            0.000        0.000        0.000        535058                      337490                      
GPU 2           70.646            0.000        0.000        0.000        524073                      337503                      
GPU 3           70.502            0.000        0.000        0.000        528153                      333239                      
GPU 4           71.939            0.000        0.000        0.000        519890                      332793                      
GPU 5           73.071            0.000        0.000        0.000        533476                      336436                      
GPU 6           72.634            0.000        0.000        0.000        520416                      333318                      
GPU 7           72.392            0.000        0.000        0.000        520409                      332789                      
GPU 0           240.538           0.399        0.020        0.250        8719151                     57154279                    
GPU 1           71.601            0.000        0.000        0.000        540761                      346883                      
GPU 2           70.721            0.000        0.000        0.000        514125                      325455                      
GPU 3           70.505            0.000        0.000        0.000        528237                      327528                      
GPU 4           71.970            0.000        0.000        0.000        520352                      329084                      
GPU 5           73.128            0.000        0.000        0.000        518281                      318096                      
GPU 6           72.705            0.000        0.000        0.000        517795                      327028                      
GPU 7           72.433            0.000        0.000        0.000        507812                      324391                      
#Entity         POWER             SMACT        TENSO        DRAMA        PCITX                       PCIRX                       
ID               W                                                                                                               
GPU 0           239.831           0.391        0.020        0.246        8525198                     56328569                    
GPU 1           71.561            0.000        0.000        0.000        534008                      333820                      
GPU 2           70.628            0.000        0.000        0.000        531937                      340125                      
GPU 3           70.561            0.000        0.000        0.000        529293                      329105                      
GPU 4           71.914            0.000        0.000        0.000        514650                      324931                      
GPU 5           73.135            0.000        0.000        0.000        517219                      324375                      
GPU 6           72.703            0.000        0.000        0.000        520927                      329641                      
GPU 7           72.400            0.000        0.000        0.000        509404                      319687                      
GPU 0           269.244           0.482        0.024        0.300        12464421                    78945529                    
GPU 1           71.667            0.000        0.000        0.000        535057                      336965                      
GPU 2           70.560            0.000        0.000        0.000        521986                      335413                      
GPU 3           70.631            0.000        0.000        0.000        534522                      336434                      
GPU 4           71.859            0.000        0.000        0.000        521455                      335408                      
GPU 5           73.132            0.000        0.000        0.000        527194                      329103                      
GPU 6           72.669            0.000        0.000        0.000        519894                      333319                      
GPU 7           72.410            0.000        0.000        0.000        525653                      338032                      
GPU 0           272.578           0.488        0.024        0.303        12803914                    81136696                    
GPU 1           71.705            0.000        0.000        0.000        536553                      339013                      
GPU 2           70.701            0.000        0.000        0.000        528803                      342228                      
GPU 3           70.507            0.000        0.000        0.000        537676                      340108                      
GPU 4           71.981            0.000        0.000        0.000        522511                      336985                      
GPU 5           73.105            0.000        0.000        0.000        532311                      335314                      
GPU 6           72.692            0.000        0.000        0.000        432884                      240549                      
GPU 7           72.523            0.000        0.000        0.000        522494                      334354                      
GPU 0           277.856           0.500        0.025        0.312        12768718                    82202689                    
GPU 1           71.552            0.000        0.000        0.000        245780                      55025                       
GPU 2           70.542            0.000        0.000        0.000        440220                      245789                      
GPU 3           70.427            0.000        0.000        0.000        245252                      51880                       
GPU 4           71.845            0.000        0.000        0.000        198102                      19391                       
GPU 5           73.083            0.000        0.000        0.000        210140                      18341                       
GPU 6           72.672            0.000        0.000        0.000        281435                      101149                      
GPU 7           72.445            0.000        0.000        0.000        198102                      20963                       
GPU 0           274.385           0.492        0.025        0.306        12907828                    81506605                    
GPU 1           71.461            0.000        0.000        0.000        504647                      300797                      
GPU 2           70.645            0.000        0.000        0.000        284056                      105865                      
GPU 3           70.550            0.000        0.000        0.000        499417                      297659                      
GPU 4           71.915            0.000        0.000        0.000        521445                      324396                      
GPU 5           73.131            0.000        0.000        0.000        527190                      324384                      
GPU 6           72.744            0.000        0.000        0.000        521466                      334891                      
GPU 7           72.461            0.000        0.000        0.000        516221                      321262                      
GPU 0           273.236           0.488        0.024        0.303        12797609                    81084890                    
GPU 1           71.475            0.000        0.000        0.000        537672                      339582                      
GPU 2           70.649            0.000        0.000        0.000        520403                      333833                      
GPU 3           70.560            0.000        0.000        0.000        537678                      339586                      
GPU 4           71.867            0.000        0.000        0.000        525126                      339078                      
GPU 5           73.081            0.000        0.000        0.000        528754                      331191                      
GPU 6           72.701            0.000        0.000        0.000        518832                      331214                      
GPU 7           72.396            0.000        0.000        0.000        517779                      330687                      
GPU 0           276.426           0.497        0.024        0.309        13075760                    82608244                    
GPU 1           71.588            0.000        0.000        0.000        543969                      346400                      
GPU 2           70.577            0.000        0.000        0.000        526701                      339604                      
GPU 3           70.527            0.000        0.000        0.000        540283                      342197                      
GPU 4           71.990            0.000        0.000        0.000        518311                      331216                      
GPU 5           72.953            0.000        0.000        0.000        525500                      329551                      
GPU 6           72.667            0.000        0.000        0.000        514128                      326505                      
GPU 7           72.410            0.000        0.000        0.000        517794                      329648                      
GPU 0           273.436           0.488        0.024        0.302        12934097                    81832272                    
GPU 1           71.649            0.000        0.000        0.000        531902                      334338                      
GPU 2           70.656            0.000        0.000        0.000        526182                      339083                      
GPU 3           70.556            0.000        0.000        0.000        532960                      334868                      
GPU 4           71.909            0.000        0.000        0.000        515694                      329121                      
GPU 5           73.125            0.000        0.000        0.000        526150                      328057                      
GPU 6           72.723            0.000        0.000        0.000        525122                      337503                      
GPU 7           72.411            0.000        0.000        0.000        519353                      332260                      
GPU 0           276.867           0.496        0.024        0.307        13140780                    82807251                    
GPU 1           71.424            0.000        0.000        0.000        536105                      338013                      
GPU 2           70.677            0.000        0.000        0.000        525643                      339074                      
GPU 3           70.473            0.000        0.000        0.000        532953                      334864                      
GPU 4           71.893            0.000        0.000        0.000        514128                      327030                      
GPU 5           73.082            0.000        0.000        0.000        527704                      329618                      
GPU 6           72.618            0.000        0.000        0.000        520942                      333319                      
GPU 7           72.382            0.000        0.000        0.000        521986                      334365                      
GPU 0           273.579           0.486        0.024        0.299        12804849                    81370587                    
GPU 1           71.595            0.000        0.000        0.000        542869                      343747                      
GPU 2           70.627            0.000        0.000        0.000        527232                      340132                      
GPU 3           70.531            0.000        0.000        0.000        538723                      341156                      
GPU 4           71.909            0.000        0.000        0.000        524073                      338551                      
GPU 5           73.077            0.000        0.000        0.000        535058                      337490                      
GPU 6           72.731            0.000        0.000        0.000        437086                      244223                      
GPU 7           72.372            0.000        0.000        0.000        515694                      329122                      
GPU 0           272.197           0.485        0.023        0.295        12679221                    82297284                    
GPU 1           71.515            0.000        0.000        0.000        245243                      55022                       
GPU 2           70.707            0.000        0.000        0.000        440221                      246838                      
GPU 3           70.626            0.000        0.000        0.000        245258                      52929                       
GPU 4           71.957            0.000        0.000        0.000        198059                      19386                       
GPU 5           73.076            0.000        0.000        0.000        210139                      18865                       
GPU 6           72.721            0.000        0.000        0.000        281430                      101671                      
GPU 7           72.409            0.000        0.000        0.000        198621                      20962                       
GPU 0           268.303           0.479        0.023        0.293        12740371                    81137926                    
GPU 1           71.642            0.000        0.000        0.000        500965                      297644                      
GPU 2           70.594            0.000        0.000        0.000        284055                      104817                      
GPU 3           70.557            0.000        0.000        0.000        529857                      327230                      
GPU 4           71.976            0.000        0.000        0.000        523615                      337545                      
GPU 5           73.100            0.000        0.000        0.000        530860                      327530                      
GPU 6           72.767            0.000        0.000        0.000        525655                      337509                      
GPU 7           72.401            0.000        0.000        0.000        518840                      323882                      
GPU 0           277.455           0.494        0.024        0.305        13083744                    82581406                    
GPU 1           71.586            0.000        0.000        0.000        543405                      345326                      
GPU 2           70.666            0.000        0.000        0.000        526186                      339610                      
GPU 3           70.500            0.000        0.000        0.000        537154                      339062                      
GPU 4           71.979            0.000        0.000        0.000        517732                      331181                      
GPU 5           73.038            0.000        0.000        0.000        530338                      332247                      
GPU 6           72.710            0.000        0.000        0.000        520405                      332787                      
GPU 7           72.479            0.000        0.000        0.000        521975                      334357                      
GPU 0           273.652           0.490        0.024        0.303        12829580                    81402846                    
GPU 1           71.593            0.000        0.000        0.000        541321                      343238                      
GPU 2           70.585            0.000        0.000        0.000        526168                      339599                      
GPU 3           70.523            0.000        0.000        0.000        539759                      341672                      
GPU 4           71.967            0.000        0.000        0.000        521466                      334367                      
GPU 5           73.120            0.000        0.000        0.000        530854                      333290                      
GPU 6           72.682            0.000        0.000        0.000        519368                      332794                      
GPU 7           72.459            0.000        0.000        0.000        518842                      331220                      
#Entity         POWER             SMACT        TENSO        DRAMA        PCITX                       PCIRX                       
ID               W                                                                                                               
GPU 0           273.977           0.488        0.024        0.301        12891614                    81642696                    
GPU 1           71.540            0.000        0.000        0.000        538166                      340611                      
GPU 2           70.588            0.000        0.000        0.000        526176                      338555                      
GPU 3           70.564            0.000        0.000        0.000        535580                      338013                      
GPU 4           71.870            0.000        0.000        0.000        515681                      334878                      
GPU 5           73.091            0.000        0.000        0.000        529292                      331201                      
GPU 6           72.711            0.000        0.000        0.000        519892                      332794                      
GPU 7           72.386            0.000        0.000        0.000        520935                      334363                      
GPU 0           274.588           0.484        0.024        0.299        12791448                    80837133                    
GPU 1           71.473            0.000        0.000        0.000        537129                      339570                      
GPU 2           70.609            0.000        0.000        0.000        519883                      333312                      
GPU 3           70.616            0.000        0.000        0.000        539778                      341684                      
GPU 4           71.899            0.000        0.000        0.000        518319                      331221                      
GPU 5           73.072            0.000        0.000        0.000        533483                      335392                      
GPU 6           72.704            0.000        0.000        0.000        520407                      333312                      
GPU 7           72.428            0.000        0.000        0.000        523019                      334879                      
GPU 0           277.414           0.490        0.024        0.303        12971137                    81883614                    
GPU 1           71.584            0.000        0.000        0.000        536608                      338524                      
GPU 2           70.663            0.000        0.000        0.000        521987                      335413                      
GPU 3           70.475            0.000        0.000        0.000        453292                      247869                      
GPU 4           71.924            0.000        0.000        0.000        517776                      331733                      
GPU 5           73.109            0.000        0.000        0.000        530342                      332249                      
GPU 6           72.700            0.000        0.000        0.000        440230                      247891                      
GPU 7           72.366            0.000        0.000        0.000        520411                      332791                      
GPU 0           278.471           0.492        0.024        0.305        16103898                    81453926                    
GPU 1           71.613            0.000        0.000        0.000        245765                      55546                       
GPU 2           70.578            0.000        0.000        0.000        443374                      249987                      
GPU 3           70.453            0.000        0.000        0.000        318718                      132442                      
GPU 4           71.901            0.000        0.000        0.000        198397                      19368                       
GPU 5           73.124            0.000        0.000        0.000        209623                      18866                       
GPU 6           72.751            0.000        0.000        0.000        281955                      101671                      
GPU 7           72.414            0.000        0.000        0.000        198576                      20957                       
GPU 0           277.349           0.492        0.024        0.302        12994191                    82456567                    
GPU 1           71.529            0.000        0.000        0.000        504635                      300266                      
GPU 2           70.592            0.000        0.000        0.000        285622                      106911                      
GPU 3           70.569            0.000        0.000        0.000        537424                      333634                      
GPU 4           71.907            0.000        0.000        0.000        512102                      323929                      
GPU 5           73.086            0.000        0.000        0.000        531891                      328043                      
GPU 6           72.711            0.000        0.000        0.000        522509                      334888                      
GPU 7           72.417            0.000        0.000        0.000        533056                      344888                      
GPU 0           273.490           0.482        0.023        0.296        12787185                    81104280                    
GPU 1           71.617            0.000        0.000        0.000        539222                      341140                      
GPU 2           70.692            0.000        0.000        0.000        526702                      340128                      
GPU 3           70.413            0.000        0.000        0.000        540300                      342207                      
GPU 4           71.938            0.000        0.000        0.000        519872                      332781                      
GPU 5           73.104            0.000        0.000        0.000        531389                      333821                      
GPU 6           72.658            0.000        0.000        0.000        520416                      333317                      
GPU 7           72.476            0.000        0.000        0.000        519887                      332790                      
GPU 0           272.592           0.483        0.022        0.293        13005301                    82895890                    
GPU 1           71.559            0.000        0.000        0.000        543943                      346908                      
GPU 2           70.655            0.000        0.000        0.000        525642                      338549                      
GPU 3           70.606            0.000        0.000        0.000        539772                      342205                      
GPU 4           71.929            0.000        0.000        0.000        514127                      327553                      
GPU 5           73.083            0.000        0.000        0.000        531378                      333290                      
GPU 6           72.649            0.000        0.000        0.000        514643                      327548                      
GPU 7           72.414            0.000        0.000        0.000        528261                      340120                      
GPU 0           270.201           0.476        0.022        0.289        12778697                    81410023                    
GPU 1           71.497            0.000        0.000        0.000        537658                      339049                      
GPU 2           70.632            0.000        0.000        0.000        524086                      336987                      
GPU 3           70.544            0.000        0.000        0.000        537140                      338529                      
GPU 4           71.939            0.000        0.000        0.000        507232                      323308                      
GPU 5           73.076            0.000        0.000        0.000        530866                      333298                      
GPU 6           72.717            0.000        0.000        0.000        517791                      331219                      
GPU 7           72.485            0.000        0.000        0.000        530334                      346918                      
GPU 0           279.710           0.497        0.025        0.308        13053931                    82541260                    
GPU 1           71.670            0.000        0.000        0.000        538172                      341139                      
GPU 2           70.561            0.000        0.000        0.000        526179                      339605                      
GPU 3           70.457            0.000        0.000        0.000        530869                      338016                      
GPU 4           71.876            0.000        0.000        0.000        520937                      333839                      
GPU 5           73.057            0.000        0.000        0.000        534529                      335390                      
GPU 6           72.705            0.000        0.000        0.000        519883                      332264                      
GPU 7           72.395            0.000        0.000        0.000        519302                      331179                      
GPU 0           279.240           0.491        0.024        0.304        12941688                    81787758                    
GPU 1           71.459            0.000        0.000        0.000        538180                      340096                      
GPU 2           70.501            0.000        0.000        0.000        526168                      339074                      
GPU 3           70.604            0.000        0.000        0.000        450672                      244725                      
GPU 4           71.856            0.000        0.000        0.000        518321                      331746                      
GPU 5           73.079            0.000        0.000        0.000        527706                      330143                      
GPU 6           72.699            0.000        0.000        0.000        425556                      236361                      
GPU 7           72.448            0.000        0.000        0.000        520358                      330661                      
GPU 0           279.783           0.496        0.024        0.306        12767898                    82153459                    
GPU 1           71.581            0.000        0.000        0.000        245240                      55545                       
GPU 2           70.621            0.000        0.000        0.000        438135                      244747                      
GPU 3           70.531            0.000        0.000        0.000        293469                      105334                      
GPU 4           71.898            0.000        0.000        0.000        198627                      19391                       
GPU 5           73.068            0.000        0.000        0.000        210145                      18865                       
GPU 6           72.739            0.000        0.000        0.000        285103                      104293                      
GPU 7           72.467            0.000        0.000        0.000        199412                      20935                       
GPU 0           281.674           0.494        0.025        0.307        12871444                    81683703                    
GPU 1           71.642            0.000        0.000        0.000        504635                      300266                      
GPU 2           70.582            0.000        0.000        0.000        283525                      104815                      
GPU 3           70.619            0.000        0.000        0.000        537148                      339058                      
GPU 4           71.837            0.000        0.000        0.000        512544                      321257                      
GPU 5           73.080            0.000        0.000        0.000        531893                      328044                      
GPU 6           72.720            0.000        0.000        0.000        526175                      337506                      
GPU 7           72.431            0.000        0.000        0.000        514714                      324972                      
GPU 0           278.503           0.495        0.024        0.305        13097585                    82729341                    
GPU 1           71.552            0.000        0.000        0.000        539757                      342196                      
GPU 2           70.576            0.000        0.000        0.000        528280                      341181                      
GPU 3           70.491            0.000        0.000        0.000        535047                      341151                      
GPU 4           71.833            0.000        0.000        0.000        520922                      333830                      
GPU 5           73.033            0.000        0.000        0.000        532960                      335392                      
GPU 6           72.731            0.000        0.000        0.000        520943                      334368                      
GPU 7           72.389            0.000        0.000        0.000        525135                      335940                      
GPU 0           276.676           0.483        0.024        0.298        12830697                    81269294                    
GPU 1           71.555            0.000        0.000        0.000        538169                      339565                      
GPU 2           70.523            0.000        0.000        0.000        521462                      334889                      
GPU 3           70.553            0.000        0.000        0.000        537674                      340107                      
GPU 4           71.933            0.000        0.000        0.000        515176                      328077                      
GPU 5           73.128            0.000        0.000        0.000        530866                      332773                      
GPU 6           72.677            0.000        0.000        0.000        514118                      330167                      
GPU 7           72.428            0.000        0.000        0.000        519874                      332782                      
#Entity         POWER             SMACT        TENSO        DRAMA        PCITX                       PCIRX                       
ID               W                                                                                                               
GPU 0           281.029           0.497        0.024        0.306        13083057                    82736044                    
GPU 1           71.544            0.000        0.000        0.000        538705                      340620                      
GPU 2           70.607            0.000        0.000        0.000        523549                      336455                      
GPU 3           70.594            0.000        0.000        0.000        536087                      338002                      
GPU 4           71.906            0.000        0.000        0.000        515168                      328597                      
GPU 5           73.126            0.000        0.000        0.000        529800                      331715                      
GPU 6           72.703            0.000        0.000        0.000        515177                      328602                      
GPU 7           72.495            0.000        0.000        0.000        519322                      331716                      
GPU 0           280.722           0.489        0.024        0.303        12843706                    81377535                    
GPU 1           71.545            0.000        0.000        0.000        537648                      339567                      
GPU 2           70.545            0.000        0.000        0.000        522516                      335940                      
GPU 3           70.485            0.000        0.000        0.000        535062                      336968                      
GPU 4           71.856            0.000        0.000        0.000        518185                      331659                      
GPU 5           73.040            0.000        0.000        0.000        531386                      333295                      
GPU 6           72.689            0.000        0.000        0.000        518847                      331747                      
GPU 7           72.423            0.000        0.000        0.000        521390                      336938                      
GPU 0           283.280           0.500        0.025        0.311        13131974                    82650525                    
GPU 1           71.534            0.000        0.000        0.000        540800                      342716                      
GPU 2           70.556            0.000        0.000        0.000        560753                      373835                      
GPU 3           70.357            0.000        0.000        0.000        447015                      245780                      
GPU 4           71.912            0.000        0.000        0.000        520412                      333839                      
GPU 5           73.148            0.000        0.000        0.000        531898                      334336                      
GPU 6           72.680            0.000        0.000        0.000        429694                      243668                      
GPU 7           72.435            0.000        0.000        0.000        520402                      333309                      
GPU 0           277.767           0.484        0.024        0.298        12532345                    81028945                    
GPU 1           71.545            0.000        0.000        0.000        245713                      55534                       
GPU 2           70.575            0.000        0.000        0.000        417365                      224405                      
GPU 3           70.456            0.000        0.000        0.000        293986                      105331                      
GPU 4           71.946            0.000        0.000        0.000        198097                      19390                       
GPU 5           73.057            0.000        0.000        0.000        210047                      18857                       
GPU 6           72.700            0.000        0.000        0.000        284055                      102196                      
GPU 7           72.429            0.000        0.000        0.000        198628                      21487                       
GPU 0           277.229           0.485        0.024        0.300        12713460                    80836334                    
GPU 1           71.532            0.000        0.000        0.000        499470                      301359                      
GPU 2           70.655            0.000        0.000        0.000        291741                      114134                      
GPU 3           70.557            0.000        0.000        0.000        539254                      342732                      
GPU 4           71.830            0.000        0.000        0.000        517266                      323356                      
GPU 5           72.997            0.000        0.000        0.000        544562                      348016                      
GPU 6           72.719            0.000        0.000        0.000        520406                      332263                      
GPU 7           72.467            0.000        0.000        0.000        521980                      326499                      
GPU 0           269.997           0.480        0.022        0.290        12922441                    82645034                    
GPU 1           71.490            0.000        0.000        0.000        538706                      340621                      
GPU 2           70.586            0.000        0.000        0.000        525121                      338027                      
GPU 3           70.447            0.000        0.000        0.000        535032                      336949                      
GPU 4           71.813            0.000        0.000        0.000        515169                      328597                      
GPU 5           73.008            0.000        0.000        0.000        527706                      329620                      
GPU 6           72.682            0.000        0.000        0.000        520945                      333845                      
GPU 7           72.448            0.000        0.000        0.000        524526                      337457                      
GPU 0           276.506           0.480        0.023        0.295        12767711                    81050991                    
GPU 1           71.498            0.000        0.000        0.000        534916                      337924                      
GPU 2           70.565            0.000        0.000        0.000        526182                      339083                      
GPU 3           70.466            0.000        0.000        0.000        535525                      344266                      
GPU 4           71.835            0.000        0.000        0.000        516731                      330162                      
GPU 5           73.000            0.000        0.000        0.000        528770                      331201                      
GPU 6           72.684            0.000        0.000        0.000        516223                      330173                      
GPU 7           72.404            0.000        0.000        0.000        517791                      330695                      
GPU 0           282.664           0.496        0.024        0.307        13042684                    82164354                    
GPU 1           71.532            0.000        0.000        0.000        529940                      337234                      
GPU 2           70.586            0.000        0.000        0.000        522350                      336882                      
GPU 3           70.508            0.000        0.000        0.000        535030                      338520                      
GPU 4           71.872            0.000        0.000        0.000        517266                      330170                      
GPU 5           73.053            0.000        0.000        0.000        524473                      331329                      
GPU 6           72.641            0.000        0.000        0.000        524593                      338548                      
GPU 7           72.356            0.000        0.000        0.000        518831                      331737                      
GPU 0           282.096           0.490        0.024        0.304        12814907                    81191998                    
GPU 1           71.444            0.000        0.000        0.000        539231                      341146                      
GPU 2           70.543            0.000        0.000        0.000        510458                      326504                      
GPU 3           70.313            0.000        0.000        0.000        535028                      337471                      
GPU 4           71.833            0.000        0.000        0.000        519357                      332263                      
GPU 5           73.065            0.000        0.000        0.000        528761                      330672                      
GPU 6           72.664            0.000        0.000        0.000        518320                      331222                      
GPU 7           72.440            0.000        0.000        0.000        521467                      334368                      
GPU 0           279.067           0.486        0.024        0.301        12798522                    81052066                    
GPU 1           71.478            0.000        0.000        0.000        533980                      335899                      
GPU 2           70.626            0.000        0.000        0.000        526705                      340130                      
GPU 3           70.392            0.000        0.000        0.000        445078                      246625                      
GPU 4           71.763            0.000        0.000        0.000        515174                      328600                      
GPU 5           72.996            0.000        0.000        0.000        534515                      336430                      
GPU 6           72.632            0.000        0.000        0.000        432883                      242645                      
GPU 7           72.431            0.000        0.000        0.000        521450                      334357                      
GPU 0           283.798           0.499        0.025        0.312        12843306                    82195272                    
GPU 1           71.514            0.000        0.000        0.000        245727                      56061                       
GPU 2           70.578            0.000        0.000        0.000        418169                      225278                      
GPU 3           70.455            0.000        0.000        0.000        296067                      105326                      
GPU 4           71.821            0.000        0.000        0.000        198626                      19390                       
GPU 5           72.970            0.000        0.000        0.000        209604                      18864                       
GPU 6           72.659            0.000        0.000        0.000        284925                      102657                      
GPU 7           72.335            0.000        0.000        0.000        198628                      21487                       
GPU 0           281.421           0.489        0.024        0.302        12828351                    81575170                    
GPU 1           71.515            0.000        0.000        0.000        497889                      294541                      
GPU 2           70.508            0.000        0.000        0.000        290074                      113583                      
GPU 3           70.450            0.000        0.000        0.000        537127                      340617                      
GPU 4           71.714            0.000        0.000        0.000        514638                      321255                      
GPU 5           72.955            0.000        0.000        0.000        533450                      331703                      
GPU 6           72.638            0.000        0.000        0.000        513214                      327639                      
GPU 7           72.321            0.000        0.000        0.000        524611                      329127                      
GPU 0           280.383           0.495        0.024        0.305        13060633                    82596113                    
GPU 1           71.438            0.000        0.000        0.000        539758                      341148                      
GPU 2           70.467            0.000        0.000        0.000        508357                      325453                      
GPU 3           70.447            0.000        0.000        0.000        533727                      336264                      
GPU 4           71.805            0.000        0.000        0.000        519366                      332792                      
GPU 5           72.990            0.000        0.000        0.000        530298                      332222                      
GPU 6           72.630            0.000        0.000        0.000        518834                      331739                      
GPU 7           72.341            0.000        0.000        0.000        519352                      332783                      
GPU 0           280.958           0.491        0.024        0.304        12932494                    81821947                    
GPU 1           71.471            0.000        0.000        0.000        533988                      336428                      
GPU 2           70.486            0.000        0.000        0.000        527757                      340657                      
GPU 3           70.381            0.000        0.000        0.000        537126                      339044                      
GPU 4           71.781            0.000        0.000        0.000        521978                      334359                      
GPU 5           72.884            0.000        0.000        0.000        533983                      336425                      
GPU 6           72.605            0.000        0.000        0.000        519893                      332794                      
GPU 7           72.327            0.000        0.000        0.000        520411                      332266                      
#Entity         POWER             SMACT        TENSO        DRAMA        PCITX                       PCIRX                       
ID               W                                                                                                               
GPU 0           281.505           0.488        0.024        0.303        12847916                    81054810                    
GPU 1           71.499            0.000        0.000        0.000        533454                      335373                      
GPU 2           70.479            0.000        0.000        0.000        523563                      336464                      
GPU 3           70.365            0.000        0.000        0.000        538660                      343212                      
GPU 4           71.757            0.000        0.000        0.000        519366                      332268                      
GPU 5           72.887            0.000        0.000        0.000        533458                      335376                      
GPU 6           72.629            0.000        0.000        0.000        513074                      328074                      
GPU 7           72.257            0.000        0.000        0.000        514114                      325972                      
GPU 0           276.370           0.485        0.023        0.295        12948923                    82446492                    
GPU 1           71.512            0.000        0.000        0.000        535043                      336957                      
GPU 2           70.518            0.000        0.000        0.000        517208                      334849                      
GPU 3           70.373            0.000        0.000        0.000        538632                      341623                      
GPU 4           71.779            0.000        0.000        0.000        521988                      336462                      
GPU 5           72.936            0.000        0.000        0.000        522969                      325938                      
GPU 6           72.552            0.000        0.000        0.000        516223                      330173                      
GPU 7           72.289            0.000        0.000        0.000        519893                      333318                      
GPU 0           283.296           0.490        0.025        0.305        12827272                    81198868                    
GPU 1           71.463            0.000        0.000        0.000        531358                      333802                      
GPU 2           70.519            0.000        0.000        0.000        525137                      338561                      
GPU 3           70.282            0.000        0.000        0.000        452246                      249966                      
GPU 4           71.774            0.000        0.000        0.000        519356                      332262                      
GPU 5           72.924            0.000        0.000        0.000        529793                      332234                      
GPU 6           72.581            0.000        0.000        0.000        442845                      252081                      
GPU 7           72.264            0.000        0.000        0.000        520935                      333838                      
GPU 0           279.264           0.489        0.023        0.299        12704217                    82013094                    
GPU 1           71.385            0.000        0.000        0.000        245247                      55547                       
GPU 2           70.449            0.000        0.000        0.000        198102                      18342                       
GPU 3           70.311            0.000        0.000        0.000        297655                      105856                      
GPU 4           71.746            0.000        0.000        0.000        199674                      20439                       
GPU 5           72.891            0.000        0.000        0.000        210129                      19388                       
GPU 6           72.628            0.000        0.000        0.000        276186                      97477                       
GPU 7           72.298            0.000        0.000        0.000        198623                      21486                       
GPU 0           283.709           0.490        0.024        0.304        12863729                    81474303                    
GPU 1           71.412            0.000        0.000        0.000        499925                      295553                      
GPU 2           70.401            0.000        0.000        0.000        524093                      331751                      
GPU 3           70.346            0.000        0.000        0.000        534501                      337993                      
GPU 4           71.733            0.000        0.000        0.000        518830                      324924                      
GPU 5           72.861            0.000        0.000        0.000        533455                      330134                      
GPU 6           72.575            0.000        0.000        0.000        513060                      329113                      
GPU 7           72.212            0.000        0.000        0.000        519370                      323885                      
GPU 0           284.484           0.492        0.025        0.307        12867615                    81378037                    
GPU 1           71.367            0.000        0.000        0.000        539224                      341142                      
GPU 2           70.440            0.000        0.000        0.000        518861                      333329                      
GPU 3           70.313            0.000        0.000        0.000        536619                      338531                      
GPU 4           71.721            0.000        0.000        0.000        510870                      326957                      
GPU 5           72.890            0.000        0.000        0.000        526648                      330661                      
GPU 6           72.513            0.000        0.000        0.000        512546                      331740                      
GPU 7           72.227            0.000        0.000        0.000        519881                      332786                      
GPU 0           284.901           0.498        0.025        0.310        13099557                    82598592                    
GPU 1           71.426            0.000        0.000        0.000        536613                      340099                      
GPU 2           70.403            0.000        0.000        0.000        518836                      334361                      
GPU 3           70.298            0.000        0.000        0.000        538698                      340616                      
GPU 4           71.742            0.000        0.000        0.000        520416                      333318                      
GPU 5           72.849            0.000        0.000        0.000        530824                      333271                      
GPU 6           72.442            0.000        0.000        0.000        519370                      333319                      
GPU 7           72.283            0.000        0.000        0.000        519890                      332792                      
GPU 0           283.443           0.490        0.024        0.303        12914464                    81398592                    
GPU 1           71.304            0.000        0.000        0.000        537121                      339041                      
GPU 2           70.365            0.000        0.000        0.000        521469                      334369                      
GPU 3           70.248            0.000        0.000        0.000        537664                      341149                      
GPU 4           71.707            0.000        0.000        0.000        520927                      334357                      
GPU 5           72.801            0.000        0.000        0.000        522452                      331183                      
GPU 6           72.450            0.000        0.000        0.000        517796                      333318                      
GPU 7           72.217            0.000        0.000        0.000        514127                      328601                      
GPU 0           284.637           0.497        0.024        0.308        13052267                    82346091                    
GPU 1           71.369            0.000        0.000        0.000        536616                      339053                      
GPU 2           70.419            0.000        0.000        0.000        519877                      334356                      
GPU 3           70.214            0.000        0.000        0.000        537140                      339577                      
GPU 4           71.776            0.000        0.000        0.000        516747                      329649                      
GPU 5           72.761            0.000        0.000        0.000        528745                      335378                      
GPU 6           72.490            0.000        0.000        0.000        510446                      330689                      
GPU 7           72.185            0.000        0.000        0.000        519880                      332262                      
GPU 0           272.411           0.467        0.022        0.282        12682972                    81545148                    
GPU 1           71.357            0.000        0.000        0.000        538704                      341144                      
GPU 2           70.398            0.000        0.000        0.000        523033                      336460                      
GPU 3           70.260            0.000        0.000        0.000        448567                      245768                      
GPU 4           71.711            0.000        0.000        0.000        518828                      332260                      
GPU 5           72.726            0.000        0.000        0.000        525603                      330663                      
GPU 6           72.478            0.000        0.000        0.000        446520                      256277                      
GPU 7           72.258            0.000        0.000        0.000        248645                      77446                       
GPU 0           271.462           0.469        0.022        0.284        12363366                    80705903                    
GPU 1           71.367            0.000        0.000        0.000        245239                      56069                       
GPU 2           70.312            0.000        0.000        0.000        198629                      19391                       
GPU 3           70.285            0.000        0.000        0.000        297130                      105332                      
GPU 4           71.671            0.000        0.000        0.000        198102                      20963                       
GPU 5           72.848            0.000        0.000        0.000        205415                      19912                       
GPU 6           72.444            0.000        0.000        0.000        274612                      92236                       
GPU 7           72.163            0.000        0.000        0.000        444985                      262036                      
GPU 0           282.139           0.486        0.024        0.300        12827205                    81324209                    
GPU 1           71.330            0.000        0.000        0.000        499398                      293979                      
GPU 2           70.395            0.000        0.000        0.000        524598                      330690                      
GPU 3           70.143            0.000        0.000        0.000        533456                      335375                      
GPU 4           71.601            0.000        0.000        0.000        521988                      325980                      
GPU 5           72.808            0.000        0.000        0.000        531866                      328028                      
GPU 6           72.453            0.000        0.000        0.000        516748                      330173                      
GPU 7           72.112            0.000        0.000        0.000        517277                      321267                      
GPU 0           286.266           0.500        0.025        0.310        13081916                    82459097                    
GPU 1           71.371            0.000        0.000        0.000        535550                      337470                      
GPU 2           70.319            0.000        0.000        0.000        522509                      335936                      
GPU 3           70.167            0.000        0.000        0.000        539766                      341677                      
GPU 4           71.705            0.000        0.000        0.000        516736                      330166                      
GPU 5           72.682            0.000        0.000        0.000        536605                      338522                      
GPU 6           72.404            0.000        0.000        0.000        521458                      333838                      
GPU 7           72.105            0.000        0.000        0.000        513081                      330174                      
GPU 0           280.626           0.482        0.024        0.299        12731655                    80776543                    
GPU 1           71.293            0.000        0.000        0.000        537135                      339050                      
GPU 2           70.366            0.000        0.000        0.000        524599                      338028                      
GPU 3           70.130            0.000        0.000        0.000        539758                      341672                      
GPU 4           71.621            0.000        0.000        0.000        515700                      336463                      
GPU 5           72.780            0.000        0.000        0.000        535016                      337987                      
GPU 6           72.412            0.000        0.000        0.000        518831                      331737                      
GPU 7           72.110            0.000        0.000        0.000        516207                      334879                      
#Entity         POWER             SMACT        TENSO        DRAMA        PCITX                       PCIRX                       
ID               W                                                                                                               
GPU 0           281.524           0.485        0.024        0.298        12839570                    81383486                    
GPU 1           71.297            0.000        0.000        0.000        537657                      340097                      
GPU 2           70.439            0.000        0.000        0.000        520941                      333318                      
GPU 3           70.197            0.000        0.000        0.000        528749                      335381                      
GPU 4           71.676            0.000        0.000        0.000        516733                      330688                      
GPU 5           72.775            0.000        0.000        0.000        527692                      329611                      
GPU 6           72.449            0.000        0.000        0.000        518320                      330174                      
GPU 7           72.042            0.000        0.000        0.000        518842                      332269                      
GPU 0           284.170           0.492        0.024        0.302        13101308                    82922025                    
GPU 1           71.340            0.000        0.000        0.000        538695                      339567                      
GPU 2           70.313            0.000        0.000        0.000        523561                      336987                      
GPU 3           70.176            0.000        0.000        0.000        539760                      341673                      
GPU 4           71.645            0.000        0.000        0.000        522510                      335413                      
GPU 5           72.671            0.000        0.000        0.000        530319                      332759                      
GPU 6           72.395            0.000        0.000        0.000        518831                      332261                      
GPU 7           72.041            0.000        0.000        0.000        521974                      334357                      
GPU 0           283.004           0.494        0.024        0.303        13053856                    82781859                    
GPU 1           71.278            0.000        0.000        0.000        536610                      339049                      
GPU 2           70.342            0.000        0.000        0.000        525646                      338551                      
GPU 3           70.171            0.000        0.000        0.000        450137                      247863                      
GPU 4           71.644            0.000        0.000        0.000        531769                      347352                      
GPU 5           72.640            0.000        0.000        0.000        537638                      337989                      
GPU 6           72.452            0.000        0.000        0.000        443903                      253659                      
GPU 7           72.019            0.000        0.000        0.000        522508                      333839                      
GPU 0           282.410           0.486        0.024        0.301        12498062                    80879221                    
GPU 1           71.211            0.000        0.000        0.000        245239                      55545                       
GPU 2           70.325            0.000        0.000        0.000        198630                      18867                       
GPU 3           70.172            0.000        0.000        0.000        296080                      104283                      
GPU 4           71.617            0.000        0.000        0.000        198073                      20436                       
GPU 5           72.618            0.000        0.000        0.000        208039                      19389                       
GPU 6           72.374            0.000        0.000        0.000        271997                      89617                       
GPU 7           72.065            0.000        0.000        0.000        196532                      21487                       
GPU 0           284.406           0.497        0.024        0.307        13084293                    82584223                    
GPU 1           71.274            0.000        0.000        0.000        502018                      297123                      
GPU 2           70.302            0.000        0.000        0.000        523027                      330691                      
GPU 3           70.137            0.000        0.000        0.000        533470                      337480                      
GPU 4           71.649            0.000        0.000        0.000        517790                      324405                      
GPU 5           72.531            0.000        0.000        0.000        557541                      330647                      
GPU 6           72.348            0.000        0.000        0.000        519883                      333312                      
GPU 7           71.997            0.000        0.000        0.000        521453                      324925                      
GPU 0           282.990           0.490        0.024        0.303        12892878                    81654546                    
GPU 1           71.247            0.000        0.000        0.000        543948                      347959                      
GPU 2           70.315            0.000        0.000        0.000        519895                      333320                      
GPU 3           70.094            0.000        0.000        0.000        533463                      340095                      
GPU 4           71.575            0.000        0.000        0.000        518830                      331737                      
GPU 5           72.652            0.000        0.000        0.000        528748                      332760                      
GPU 6           72.350            0.000        0.000        0.000        539811                      330699                      
GPU 7           72.041            0.000        0.000        0.000        520421                      333321                      
GPU 0           287.658           0.499        0.025        0.310        13047986                    82405439                    
GPU 1           71.261            0.000        0.000        0.000        535023                      338516                      
GPU 2           70.255            0.000        0.000        0.000        520935                      334363                      
GPU 3           70.112            0.000        0.000        0.000        536089                      341672                      
GPU 4           71.543            0.000        0.000        0.000        519894                      333319                      
GPU 5           72.618            0.000        0.000        0.000        527175                      329091                      
GPU 6           72.321            0.000        0.000        0.000        520408                      333836                      
GPU 7           71.975            0.000        0.000        0.000        522498                      334881                      
