#Entity         POWER             SMACT        TENSO        DRAMA        PCITX                       PCIRX                       
ID               W                                                                                                               
GPU 0           97.306            N/A          N/A          N/A          N/A                         N/A                         
GPU 1           98.309            N/A          N/A          N/A          N/A                         N/A                         
GPU 2           99.016            N/A          N/A          N/A          N/A                         N/A                         
GPU 3           97.422            N/A          N/A          N/A          N/A                         N/A                         
GPU 4           98.256            N/A          N/A          N/A          N/A                         N/A                         
GPU 5           98.587            N/A          N/A          N/A          N/A                         N/A                         
GPU 6           99.570            N/A          N/A          N/A          N/A                         N/A                         
GPU 7           101.542           N/A          N/A          N/A          N/A                         N/A                         
GPU 0           97.207            0.000        0.000        0.000        505268                      287751                      
GPU 1           98.268            0.000        0.000        0.000        489563                      282520                      
GPU 2           99.181            0.000        0.000        0.000        491136                      280948                      
GPU 3           97.478            0.000        0.000        0.000        494267                      277796                      
GPU 4           98.327            0.000        0.000        0.000        485371                      272562                      
GPU 5           98.594            0.000        0.000        0.000        475926                      268887                      
GPU 6           99.591            0.000        0.000        0.000        482754                      270992                      
GPU 7           101.558           0.000        0.000        0.000        485374                      272564                      
GPU 0           96.981            0.000        0.000        0.000        492634                      278809                      
GPU 1           98.287            0.000        0.000        0.000        488000                      281478                      
GPU 2           99.094            0.000        0.000        0.000        493763                      282000                      
GPU 3           97.497            0.000        0.000        0.000        492124                      278817                      
GPU 4           98.375            0.000        0.000        0.000        481703                      270991                      
GPU 5           98.604            0.000        0.000        0.000        467581                      270484                      
GPU 6           99.594            0.000        0.000        0.000        482760                      272044                      
GPU 7           101.575           0.000        0.000        0.000        484321                      273085                      
GPU 0           97.129            0.000        0.000        0.000        498984                      281988                      
GPU 1           98.290            0.000        0.000        0.000        493244                      286721                      
GPU 2           98.966            0.000        0.000        0.000        495840                      280941                      
GPU 3           97.408            0.000        0.000        0.000        495317                      280941                      
GPU 4           98.339            0.000        0.000        0.000        481680                      270453                      
GPU 5           98.583            0.000        0.000        0.000        475939                      269943                      
GPU 6           99.546            0.000        0.000        0.000        486932                      272032                      
GPU 7           101.593           0.000        0.000        0.000        484837                      272033                      
GPU 0           97.129            0.000        0.000        0.000        441324                      281988                      
GPU 1           98.300            0.000        0.000        0.000        228011                      286721                      
GPU 2           98.966            0.000        0.000        0.000        243735                      280941                      
GPU 3           97.437            0.000        0.000        0.000        495317                      188164                      
GPU 4           98.339            0.000        0.000        0.000        369526                      164059                      
GPU 5           98.583            0.000        0.000        0.000        475939                      57134                       
GPU 6           99.546            0.000        0.000        0.000        244783                      58706                       
GPU 7           101.593           0.000        0.000        0.000        243731                      272033                      
GPU 0           97.018            0.000        0.000        0.000        264167                      67614                       
GPU 1           98.308            0.000        0.000        0.000        456557                      245314                      
GPU 2           98.982            0.000        0.000        0.000        454324                      235284                      
GPU 3           97.449            0.000        0.000        0.000        302429                      102207                      
GPU 4           98.370            0.000        0.000        0.000        322357                      123177                      
GPU 5           98.554            0.000        0.000        0.000        434498                      223800                      
GPU 6           99.604            0.000        0.000        0.000        448151                      226958                      
GPU 7           101.560           0.000        0.000        0.000        447104                      224862                      
GPU 0           96.992            0.000        0.000        0.000        497408                      280414                      
GPU 1           98.280            0.000        0.000        0.000        490622                      282527                      
GPU 2           98.976            0.000        0.000        0.000        491140                      280426                      
GPU 3           97.449            0.000        0.000        0.000        495835                      279889                      
GPU 4           98.343            0.000        0.000        0.000        484324                      272039                      
GPU 5           98.590            0.000        0.000        0.000        471268                      269970                      
GPU 6           99.563            0.000        0.000        0.000        486421                      273087                      
GPU 7           101.614           0.000        0.000        0.000        482226                      271514                      
GPU 0           97.137            0.000        0.000        0.000        493219                      278320                      
GPU 1           98.325            0.000        0.000        0.000        491666                      286718                      
GPU 2           99.070            0.000        0.000        0.000        491139                      280426                      
GPU 3           97.448            0.000        0.000        0.000        493744                      277796                      
GPU 4           98.367            0.000        0.000        0.000        484844                      272036                      
GPU 5           98.609            0.000        0.000        0.000        475421                      270995                      
GPU 6           99.560            0.000        0.000        0.000        485372                      272039                      
GPU 7           101.551           0.000        0.000        0.000        484304                      273600                      
GPU 0           97.088            0.000        0.000        0.000        497414                      279894                      
GPU 1           98.281            0.000        0.000        0.000        486919                      281983                      
GPU 2           99.049            0.000        0.000        0.000        491652                      279371                      
GPU 3           97.451            0.000        0.000        0.000        496370                      280420                      
GPU 4           98.383            0.000        0.000        0.000        489027                      275176                      
GPU 5           98.614            0.000        0.000        0.000        477514                      269421                      
GPU 6           99.554            0.000        0.000        0.000        485895                      272562                      
GPU 7           101.567           0.000        0.000        0.000        482223                      270464                      
GPU 0           97.144            0.000        0.000        0.000        439226                      225903                      
GPU 1           98.225            0.000        0.000        0.000        236930                      56611                       
GPU 2           99.028            0.000        0.000        0.000        430337                      218051                      
GPU 3           97.449            0.000        0.000        0.000        441320                      225901                      
GPU 4           98.315            0.000        0.000        0.000        429278                      220142                      
GPU 5           98.606            0.000        0.000        0.000        236925                      59755                       
GPU 6           99.589            0.000        0.000        0.000        241116                      60803                       
GPU 7           101.577           0.000        0.000        0.000        243186                      61320                       
GPU 0           97.196            0.000        0.000        0.000        266788                      66566                       
GPU 1           98.295            0.000        0.000        0.000        449741                      239023                      
GPU 2           99.077            0.000        0.000        0.000        269941                      76003                       
GPU 3           97.423            0.000        0.000        0.000        263119                      65517                       
GPU 4           98.328            0.000        0.000        0.000        256838                      63947                       
GPU 5           98.578            0.000        0.000        0.000        437677                      224342                      
GPU 6           99.572            0.000        0.000        0.000        449197                      225385                      
GPU 7           101.531           0.000        0.000        0.000        446095                      224358                      
GPU 0           97.097            0.000        0.000        0.000        482737                      266789                      
GPU 1           98.228            0.000        0.000        0.000        478551                      272559                      
GPU 2           99.105            0.000        0.000        0.000        485370                      278327                      
GPU 3           97.459            0.000        0.000        0.000        485876                      270455                      
GPU 4           98.405            0.000        0.000        0.000        492709                      280949                      
GPU 5           98.664            0.000        0.000        0.000        484856                      277809                      
GPU 6           99.608            0.000        0.000        0.000        494809                      282523                      
GPU 7           101.538           0.000        0.000        0.000        489558                      277800                      
GPU 0           97.286            0.000        0.000        0.000        487453                      271506                      
GPU 1           98.261            0.000        0.000        0.000        480090                      272540                      
GPU 2           99.068            0.000        0.000        0.000        486940                      273085                      
GPU 3           97.467            0.000        0.000        0.000        485882                      269934                      
GPU 4           98.385            0.000        0.000        0.000        494792                      282514                      
GPU 5           98.639            0.000        0.000        0.000        485910                      279385                      
GPU 6           99.589            0.000        0.000        0.000        493759                      280949                      
GPU 7           101.588           0.000        0.000        0.000        487474                      276235                      
GPU 0           97.227            0.000        0.000        0.000        493745                      277273                      
GPU 1           98.253            0.000        0.000        0.000        487995                      280951                      
GPU 2           99.077            0.000        0.000        0.000        490609                      277802                      
GPU 3           97.421            0.000        0.000        0.000        496369                      280419                      
GPU 4           98.302            0.000        0.000        0.000        481184                      269421                      
GPU 5           98.608            0.000        0.000        0.000        473845                      268896                      
GPU 6           99.553            0.000        0.000        0.000        483790                      270985                      
GPU 7           101.546           0.000        0.000        0.000        468562                      267825                      
GPU 0           97.306            0.000        0.000        0.000        447616                      235339                      
GPU 1           98.200            0.000        0.000        0.000        429818                      224344                      
GPU 2           99.156            0.000        0.000        0.000        433480                      225913                      
GPU 3           97.432            0.000        0.000        0.000        449707                      235860                      
GPU 4           98.295            0.000        0.000        0.000        449196                      239536                      
GPU 5           98.628            0.000        0.000        0.000        420909                      218055                      
GPU 6           99.616            0.000        0.000        0.000        439777                      230634                      
GPU 7           101.653           0.000        0.000        0.000        447096                      237438                      
#Entity         POWER             SMACT        TENSO        DRAMA        PCITX                       PCIRX                       
ID               W                                                                                                               
GPU 0           97.088            0.000        0.000        0.000        256303                      55558                       
GPU 1           98.286            0.000        0.000        0.000        256318                      67093                       
GPU 2           99.085            0.000        0.000        0.000        284473                      89582                       
GPU 3           97.432            0.000        0.000        0.000        254206                      55034                       
GPU 4           98.308            0.000        0.000        0.000        240066                      44553                       
GPU 5           98.624            0.000        0.000        0.000        250027                      61851                       
GPU 6           99.578            0.000        0.000        0.000        251071                      55036                       
GPU 7           101.598           0.000        0.000        0.000        241036                      46635                       
GPU 0           97.070            0.000        0.000        0.000        491639                      275171                      
GPU 1           98.188            0.000        0.000        0.000        485366                      275704                      
GPU 2           99.041            0.000        0.000        0.000        462303                      247924                      
GPU 3           97.442            0.000        0.000        0.000        492167                      276221                      
GPU 4           98.303            0.000        0.000        0.000        482217                      268364                      
GPU 5           98.597            0.000        0.000        0.000        472794                      266274                      
GPU 6           99.615            0.000        0.000        0.000        480134                      270468                      
GPU 7           101.515           0.000        0.000        0.000        484843                      272036                      
GPU 0           97.133            0.000        0.000        0.000        494792                      279369                      
GPU 1           98.300            0.000        0.000        0.000        484325                      278853                      
GPU 2           99.091            0.000        0.000        0.000        489561                      277802                      
GPU 3           97.459            0.000        0.000        0.000        492175                      276226                      
GPU 4           98.325            0.000        0.000        0.000        483271                      270988                      
GPU 5           98.571            0.000        0.000        0.000        474371                      266277                      
GPU 6           99.571            0.000        0.000        0.000        486418                      272037                      
GPU 7           101.539           0.000        0.000        0.000        484848                      270990                      
GPU 0           97.274            0.000        0.000        0.000        489020                      272027                      
GPU 1           98.303            0.000        0.000        0.000        479088                      273614                      
GPU 2           99.148            0.000        0.000        0.000        483273                      271513                      
GPU 3           97.402            0.000        0.000        0.000        486931                      270983                      
GPU 4           98.233            0.000        0.000        0.000        493223                      279895                      
GPU 5           98.652            0.000        0.000        0.000        484194                      279302                      
GPU 6           99.592            0.000        0.000        0.000        492707                      281472                      
GPU 7           101.611           0.000        0.000        0.000        489040                      277804                      
GPU 0           97.237            0.000        0.000        0.000        482729                      267309                      
GPU 1           98.211            0.000        0.000        0.000        426149                      222247                      
GPU 2           99.097            0.000        0.000        0.000        483273                      272038                      
GPU 3           97.449            0.000        0.000        0.000        487973                      272028                      
GPU 4           98.283            0.000        0.000        0.000        493758                      282522                      
GPU 5           98.647            0.000        0.000        0.000        452289                      246322                      
GPU 6           99.601            0.000        0.000        0.000        492196                      280431                      
GPU 7           101.492           0.000        0.000        0.000        492181                      277802                      
GPU 0           97.305            0.000        0.000        0.000        3734914                     46123                       
GPU 1           98.243            0.000        0.000        0.000        256318                      63948                       
GPU 2           99.043            0.000        0.000        0.000        239014                      48746                       
GPU 3           97.429            0.000        0.000        0.000        210178                      13627                       
GPU 4           98.266            0.000        0.000        0.000        208088                      13103                       
GPU 5           98.589            0.000        0.000        0.000        236395                      46125                       
GPU 6           99.596            0.000        0.000        0.000        205468                      13103                       
GPU 7           101.614           0.000        0.000        0.000        207042                      13103                       
GPU 0           97.304            0.000        0.000        0.000        487997                      270993                      
GPU 1           98.217            0.000        0.000        0.000        479089                      269422                      
GPU 2           99.137            0.000        0.000        0.000        456539                      239015                      
GPU 3           97.457            0.000        0.000        0.000        490592                      274647                      
GPU 4           98.345            0.000        0.000        0.000        497945                      284615                      
GPU 5           98.681            0.000        0.000        0.000        508443                      280954                      
GPU 6           99.602            0.000        0.000        0.000        496907                      286193                      
GPU 7           101.616           0.000        0.000        0.000        489563                      277803                      
GPU 0           97.270            0.000        0.000        0.000        485358                      268362                      
GPU 1           98.277            0.000        0.000        0.000        476991                      270993                      
GPU 2           99.045            0.000        0.000        0.000        485898                      273088                      
GPU 3           97.426            0.000        0.000        0.000        487457                      270984                      
GPU 4           98.254            0.000        0.000        0.000        493752                      279898                      
GPU 5           98.623            0.000        0.000        0.000        487473                      279903                      
GPU 6           99.605            0.000        0.000        0.000        490621                      279905                      
GPU 7           101.612           0.000        0.000        0.000        492715                      280952                      
GPU 0           97.325            0.000        0.000        0.000        483788                      267315                      
GPU 1           98.254            0.000        0.000        0.000        476466                      268896                      
GPU 2           99.109            0.000        0.000        0.000        480652                      269417                      
GPU 3           97.489            0.000        0.000        0.000        487457                      271508                      
GPU 4           98.301            0.000        0.000        0.000        492706                      277802                      
GPU 5           98.694            0.000        0.000        0.000        484327                      278331                      
GPU 6           99.597            0.000        0.000        0.000        490618                      278855                      
GPU 7           101.620           0.000        0.000        0.000        487991                      277803                      
GPU 0           97.260            0.000        0.000        0.000        489019                      273599                      
GPU 1           98.205            0.000        0.000        0.000        425552                      221161                      
GPU 2           99.061            0.000        0.000        0.000        481178                      270466                      
GPU 3           97.427            0.000        0.000        0.000        487970                      271502                      
GPU 4           98.321            0.000        0.000        0.000        489033                      277276                      
GPU 5           98.614            0.000        0.000        0.000        481717                      276240                      
GPU 6           99.553            0.000        0.000        0.000        492190                      279379                      
GPU 7           101.586           0.000        0.000        0.000        486945                      275184                      
GPU 0           97.160            0.000        0.000        0.000        237960                      42455                       
GPU 1           98.274            0.000        0.000        0.000        253177                      62901                       
GPU 2           99.019            0.000        0.000        0.000        244258                      57657                       
GPU 3           97.470            0.000        0.000        0.000        209657                      19917                       
GPU 4           98.293            0.000        0.000        0.000        208089                      21490                       
GPU 5           98.623            0.000        0.000        0.000        242684                      58705                       
GPU 6           99.609            0.000        0.000        0.000        203372                      19393                       
GPU 7           101.548           0.000        0.000        0.000        207567                      19393                       
GPU 0           97.147            0.000        0.000        0.000        457048                      239531                      
GPU 1           98.288            0.000        0.000        0.000        474903                      269950                      
GPU 2           99.095            0.000        0.000        0.000        446577                      226957                      
GPU 3           97.440            0.000        0.000        0.000        486391                      264160                      
GPU 4           98.324            0.000        0.000        0.000        489565                      270990                      
GPU 5           98.613            0.000        0.000        0.000        444496                      231159                      
GPU 6           99.597            0.000        0.000        0.000        490620                      274663                      
GPU 7           101.586           0.000        0.000        0.000        487467                      269417                      
GPU 0           97.258            0.000        0.000        0.000        483789                      266791                      
GPU 1           98.265            0.000        0.000        0.000        475420                      269946                      
GPU 2           99.068            0.000        0.000        0.000        485893                      271513                      
GPU 3           97.457            0.000        0.000        0.000        485367                      268891                      
GPU 4           98.374            0.000        0.000        0.000        491651                      279371                      
GPU 5           98.611            0.000        0.000        0.000        483283                      276236                      
GPU 6           99.550            0.000        0.000        0.000        487460                      278848                      
GPU 7           101.606           0.000        0.000        0.000        486945                      275708                      
GPU 0           97.260            0.000        0.000        0.000        483262                      266790                      
GPU 1           98.202            0.000        0.000        0.000        476994                      271520                      
GPU 2           99.110            0.000        0.000        0.000        483275                      272038                      
GPU 3           97.437            0.000        0.000        0.000        486393                      270451                      
GPU 4           98.391            0.000        0.000        0.000        488526                      277810                      
GPU 5           98.594            0.000        0.000        0.000        484846                      276755                      
GPU 6           99.542            0.000        0.000        0.000        493228                      279374                      
GPU 7           101.606           0.000        0.000        0.000        486944                      276756                      
#Entity         POWER             SMACT        TENSO        DRAMA        PCITX                       PCIRX                       
ID               W                                                                                                               
GPU 0           97.303            0.000        0.000        0.000        480111                      264165                      
GPU 1           98.264            0.000        0.000        0.000        469649                      268895                      
GPU 2           99.148            0.000        0.000        0.000        480132                      269943                      
GPU 3           97.430            0.000        0.000        0.000        483271                      267843                      
GPU 4           98.415            0.000        0.000        0.000        489567                      279378                      
GPU 5           98.593            0.000        0.000        0.000        486422                      275709                      
GPU 6           99.615            0.000        0.000        0.000        491672                      279383                      
GPU 7           101.566           0.000        0.000        0.000        486944                      274659                      
GPU 0           97.081            0.000        0.000        0.000        246871                      55559                       
GPU 1           98.196            0.000        0.000        0.000        197086                      13104                       
GPU 2           99.080            0.000        0.000        0.000        432434                      219100                      
GPU 3           97.410            0.000        0.000        0.000        239007                      48744                       
GPU 4           98.339            0.000        0.000        0.000        244781                      57133                       
GPU 5           98.572            0.000        0.000        0.000        241625                      60799                       
GPU 6           99.554            0.000        0.000        0.000        246876                      58181                       
GPU 7           101.608           0.000        0.000        0.000        241638                      56085                       
GPU 0           97.133            0.000        0.000        0.000        447613                      224854                      
GPU 1           98.251            0.000        0.000        0.000        477518                      272568                      
GPU 2           99.111            0.000        0.000        0.000        257360                      65519                       
GPU 3           97.430            0.000        0.000        0.000        453893                      233236                      
GPU 4           98.418            0.000        0.000        0.000        451830                      236398                      
GPU 5           98.599            0.000        0.000        0.000        449206                      229582                      
GPU 6           99.586            0.000        0.000        0.000        449215                      234828                      
GPU 7           101.587           0.000        0.000        0.000        447108                      231154                      
GPU 0           97.294            0.000        0.000        0.000        482737                      266789                      
GPU 1           98.186            0.000        0.000        0.000        471745                      270467                      
GPU 2           99.143            0.000        0.000        0.000        481702                      271514                      
GPU 3           97.447            0.000        0.000        0.000        485363                      269413                      
GPU 4           98.391            0.000        0.000        0.000        490610                      278851                      
GPU 5           98.618            0.000        0.000        0.000        481711                      275712                      
GPU 6           99.569            0.000        0.000        0.000        491140                      279378                      
GPU 7           101.603           0.000        0.000        0.000        487994                      276757                      
GPU 0           97.286            0.000        0.000        0.000        493219                      276223                      
GPU 1           98.215            0.000        0.000        0.000        488522                      279904                      
GPU 2           99.059            0.000        0.000        0.000        492177                      277800                      
GPU 3           97.440            0.000        0.000        0.000        493756                      277803                      
GPU 4           98.380            0.000        0.000        0.000        466972                      262049                      
GPU 5           98.645            0.000        0.000        0.000        474892                      267847                      
GPU 6           99.568            0.000        0.000        0.000        473797                      268345                      
GPU 7           101.574           0.000        0.000        0.000        485892                      273085                      
GPU 0           97.040            0.000        0.000        0.000        493216                      276222                      
GPU 1           98.216            0.000        0.000        0.000        482757                      277284                      
GPU 2           99.093            0.000        0.000        0.000        489561                      278326                      
GPU 3           97.457            0.000        0.000        0.000        494785                      278840                      
GPU 4           98.358            0.000        0.000        0.000        479590                      268885                      
GPU 5           98.647            0.000        0.000        0.000        473327                      267327                      
GPU 6           99.578            0.000        0.000        0.000        483802                      269419                      
GPU 7           101.615           0.000        0.000        0.000        483275                      272562                      
GPU 0           97.095            0.000        0.000        0.000        431895                      214899                      
GPU 1           98.235            0.000        0.000        0.000        227489                      45602                       
GPU 2           99.052            0.000        0.000        0.000        430857                      222242                      
GPU 3           97.408            0.000        0.000        0.000        321299                      124745                      
GPU 4           98.250            0.000        0.000        0.000        257364                      69713                       
GPU 5           98.613            0.000        0.000        0.000        433476                      229055                      
GPU 6           99.585            0.000        0.000        0.000        242668                      60273                       
GPU 7           101.597           0.000        0.000        0.000        245831                      59754                       
GPU 0           96.988            0.000        0.000        0.000        261543                      66041                       
GPU 1           98.186            0.000        0.000        0.000        451303                      238493                      
GPU 2           99.132            0.000        0.000        0.000        259982                      63947                       
GPU 3           97.469            0.000        0.000        0.000        376329                      160385                      
GPU 4           98.372            0.000        0.000        0.000        442387                      223290                      
GPU 5           98.607            0.000        0.000        0.000        252648                      62375                       
GPU 6           99.541            0.000        0.000        0.000        448193                      230649                      
GPU 7           101.511           0.000        0.000        0.000        452344                      230103                      
GPU 0           97.303            0.000        0.000        0.000        484313                      267315                      
GPU 1           98.292            0.000        0.000        0.000        475944                      269422                      
GPU 2           99.030            0.000        0.000        0.000        483778                      271503                      
GPU 3           97.428            0.000        0.000        0.000        486931                      270459                      
GPU 4           98.357            0.000        0.000        0.000        491127                      278847                      
GPU 5           98.601            0.000        0.000        0.000        484853                      275711                      
GPU 6           99.606            0.000        0.000        0.000        476446                      276223                      
GPU 7           101.566           0.000        0.000        0.000        489038                      275706                      
GPU 0           97.058            0.000        0.000        0.000        505801                      287756                      
GPU 1           98.287            0.000        0.000        0.000        488001                      281478                      
GPU 2           99.057            0.000        0.000        0.000        489557                      277800                      
GPU 3           97.437            0.000        0.000        0.000        495318                      279894                      
GPU 4           98.343            0.000        0.000        0.000        490082                      275179                      
GPU 5           98.649            0.000        0.000        0.000        480127                      271513                      
GPU 6           99.553            0.000        0.000        0.000        484845                      272037                      
GPU 7           101.578           0.000        0.000        0.000        488505                      275177                      
GPU 0           97.161            0.000        0.000        0.000        491107                      278835                      
GPU 1           98.213            0.000        0.000        0.000        485355                      280415                      
GPU 2           99.048            0.000        0.000        0.000        489545                      278841                      
GPU 3           97.442            0.000        0.000        0.000        495753                      279843                      
GPU 4           98.285            0.000        0.000        0.000        485363                      272034                      
GPU 5           98.664            0.000        0.000        0.000        474376                      268376                      
GPU 6           99.587            0.000        0.000        0.000        482751                      272039                      
GPU 7           101.598           0.000        0.000        0.000        480642                      272555                      
GPU 0           97.296            0.000        0.000        0.000        438707                      225381                      
GPU 1           98.218            0.000        0.000        0.000        306108                      116363                      
GPU 2           99.110            0.000        0.000        0.000        447105                      240588                      
GPU 3           97.438            0.000        0.000        0.000        440802                      225380                      
GPU 4           98.309            0.000        0.000        0.000        431899                      221190                      
GPU 5           98.610            0.000        0.000        0.000        477510                      267846                      
GPU 6           99.584            0.000        0.000        0.000        241638                      60802                       
GPU 7           101.667           0.000        0.000        0.000        240594                      60279                       
GPU 0           97.298            0.000        0.000        0.000        268357                      68137                       
GPU 1           98.252            0.000        0.000        0.000        383171                      177695                      
GPU 2           99.065            0.000        0.000        0.000        251596                      53464                       
GPU 3           97.449            0.000        0.000        0.000        264162                      66564                       
GPU 4           98.282            0.000        0.000        0.000        259978                      63422                       
GPU 5           98.598            0.000        0.000        0.000        198136                      14676                       
GPU 6           99.558            0.000        0.000        0.000        447112                      224342                      
GPU 7           101.602           0.000        0.000        0.000        448154                      226959                      
GPU 0           97.188            0.000        0.000        0.000        494268                      278320                      
GPU 1           98.263            0.000        0.000        0.000        488525                      281478                      
GPU 2           99.067            0.000        0.000        0.000        497432                      285145                      
GPU 3           97.447            0.000        0.000        0.000        493224                      277274                      
GPU 4           98.353            0.000        0.000        0.000        484836                      273080                      
GPU 5           98.593            0.000        0.000        0.000        476466                      269421                      
GPU 6           99.589            0.000        0.000        0.000        484848                      276232                      
GPU 7           101.594           0.000        0.000        0.000        483278                      271516                      
#Entity         POWER             SMACT        TENSO        DRAMA        PCITX                       PCIRX                       
ID               W                                                                                                               
GPU 0           97.193            0.000        0.000        0.000        498463                      281467                      
GPU 1           98.268            0.000        0.000        0.000        486959                      280433                      
GPU 2           99.125            0.000        0.000        0.000        493225                      281468                      
GPU 3           97.440            0.000        0.000        0.000        494271                      278322                      
GPU 4           98.335            0.000        0.000        0.000        484838                      270985                      
GPU 5           98.602            0.000        0.000        0.000        479079                      270989                      
GPU 6           99.577            0.000        0.000        0.000        486414                      273608                      
GPU 7           101.572           0.000        0.000        0.000        486414                      273083                      
GPU 0           97.191            0.000        0.000        0.000        495312                      279366                      
GPU 1           98.300            0.000        0.000        0.000        487992                      281997                      
GPU 2           98.959            0.000        0.000        0.000        496892                      281991                      
GPU 3           97.447            0.000        0.000        0.000        495839                      279892                      
GPU 4           98.320            0.000        0.000        0.000        485361                      270460                      
GPU 5           98.615            0.000        0.000        0.000        476464                      270468                      
GPU 6           99.619            0.000        0.000        0.000        489045                      274662                      
GPU 7           101.609           0.000        0.000        0.000        486930                      274652                      
GPU 0           97.061            0.000        0.000        0.000        439236                      227480                      
GPU 1           98.270            0.000        0.000        0.000        431921                      225920                      
GPU 2           99.032            0.000        0.000        0.000        494804                      279900                      
GPU 3           97.439            0.000        0.000        0.000        442374                      229573                      
GPU 4           98.246            0.000        0.000        0.000        429811                      222243                      
GPU 5           98.606            0.000        0.000        0.000        476988                      271516                      
GPU 6           99.580            0.000        0.000        0.000        430120                      222132                      
GPU 7           101.602           0.000        0.000        0.000        367443                      167210                      
GPU 0           97.100            0.000        0.000        0.000        267307                      65516                       
GPU 1           98.199            0.000        0.000        0.000        256843                      69190                       
GPU 2           99.092            0.000        0.000        0.000        203898                      15724                       
GPU 3           97.430            0.000        0.000        0.000        264161                      64468                       
GPU 4           98.298            0.000        0.000        0.000        259979                      61325                       
GPU 5           98.583            0.000        0.000        0.000        198662                      18346                       
GPU 6           99.582            0.000        0.000        0.000        259459                      61326                       
GPU 7           101.563           0.000        0.000        0.000        324453                      118459                      
GPU 0           97.280            0.000        0.000        0.000        495315                      278319                      
GPU 1           98.199            0.000        0.000        0.000        488512                      282519                      
GPU 2           99.132            0.000        0.000        0.000        495851                      280423                      
GPU 3           97.449            0.000        0.000        0.000        492698                      276749                      
GPU 4           98.320            0.000        0.000        0.000        487980                      273080                      
GPU 5           98.597            0.000        0.000        0.000        475931                      263649                      
GPU 6           99.561            0.000        0.000        0.000        486418                      273086                      
GPU 7           101.606           0.000        0.000        0.000        482753                      271516                      
GPU 0           97.081            0.000        0.000        0.000        493747                      277798                      
GPU 1           98.208            0.000        0.000        0.000        488006                      280433                      
GPU 2           99.052            0.000        0.000        0.000        492099                      282472                      
GPU 3           97.421            0.000        0.000        0.000        494267                      277272                      
GPU 4           98.392            0.000        0.000        0.000        483797                      272037                      
GPU 5           98.643            0.000        0.000        0.000        478045                      269424                      
GPU 6           99.599            0.000        0.000        0.000        485376                      273090                      
GPU 7           101.603           0.000        0.000        0.000        481172                      271511                      
GPU 0           97.010            0.000        0.000        0.000        495311                      278317                      
GPU 1           98.284            0.000        0.000        0.000        507393                      283574                      
GPU 2           99.081            0.000        0.000        0.000        491658                      279374                      
GPU 3           97.437            0.000        0.000        0.000        494789                      278843                      
GPU 4           98.390            0.000        0.000        0.000        482214                      271507                      
GPU 5           98.606            0.000        0.000        0.000        479611                      272041                      
GPU 6           99.608            0.000        0.000        0.000        481186                      269946                      
GPU 7           101.613           0.000        0.000        0.000        482752                      273612                      
GPU 0           97.079            0.000        0.000        0.000        449718                      237438                      
GPU 1           98.288            0.000        0.000        0.000        488005                      282005                      
GPU 2           99.073            0.000        0.000        0.000        491135                      279900                      
GPU 3           97.440            0.000        0.000        0.000        449193                      236913                      
GPU 4           98.401            0.000        0.000        0.000        439763                      231150                      
GPU 5           98.602            0.000        0.000        0.000        478557                      271514                      
GPU 6           99.579            0.000        0.000        0.000        439238                      230626                      
GPU 7           101.614           0.000        0.000        0.000        449209                      239543                      
GPU 0           97.081            0.000        0.000        0.000        278745                      84338                       
GPU 1           98.335            0.000        0.000        0.000        198663                      13104                       
GPU 2           99.050            0.000        0.000        0.000        228004                      37214                       
GPU 3           97.437            0.000        0.000        0.000        256297                      55557                       
GPU 4           98.368            0.000        0.000        0.000        283998                      89583                       
GPU 5           98.629            0.000        0.000        0.000        202851                      20966                       
GPU 6           99.599            0.000        0.000        0.000        251601                      53989                       
GPU 7           101.514           0.000        0.000        0.000        242158                      46649                       
GPU 0           96.962            0.000        0.000        0.000        465959                      243200                      
GPU 1           98.265            0.000        0.000        0.000        488520                      279903                      
GPU 2           99.061            0.000        0.000        0.000        471738                      253690                      
GPU 3           97.449            0.000        0.000        0.000        495325                      279898                      
GPU 4           98.288            0.000        0.000        0.000        447095                      228002                      
GPU 5           98.593            0.000        0.000        0.000        474376                      264183                      
GPU 6           99.620            0.000        0.000        0.000        483797                      271513                      
GPU 7           101.523           0.000        0.000        0.000        490610                      275706                      
GPU 0           97.130            0.000        0.000        0.000        483265                      266791                      
GPU 1           98.285            0.000        0.000        0.000        475942                      270469                      
GPU 2           99.072            0.000        0.000        0.000        485369                      273086                      
GPU 3           97.440            0.000        0.000        0.000        488506                      272557                      
GPU 4           98.305            0.000        0.000        0.000        494801                      279898                      
GPU 5           98.604            0.000        0.000        0.000        486943                      279376                      
GPU 6           99.595            0.000        0.000        0.000        494804                      280424                      
GPU 7           101.620           0.000        0.000        0.000        490069                      278841                      
GPU 0           97.078            0.000        0.000        0.000        490595                      274125                      
GPU 1           98.294            0.000        0.000        0.000        483794                      278849                      
GPU 2           99.030            0.000        0.000        0.000        490086                      278327                      
GPU 3           97.457            0.000        0.000        0.000        491643                      275697                      
GPU 4           98.395            0.000        0.000        0.000        483245                      269401                      
GPU 5           98.609            0.000        0.000        0.000        470705                      267851                      
GPU 6           99.599            0.000        0.000        0.000        481180                      271516                      
GPU 7           101.604           0.000        0.000        0.000        480148                      269428                      
GPU 0           96.982            0.000        0.000        0.000        487960                      273069                      
GPU 1           98.261            0.000        0.000        0.000        484854                      277284                      
GPU 2           99.098            0.000        0.000        0.000        490089                      278852                      
GPU 3           97.428            0.000        0.000        0.000        493220                      276748                      
GPU 4           98.361            0.000        0.000        0.000        481203                      269956                      
GPU 5           98.596            0.000        0.000        0.000        472274                      267849                      
GPU 6           99.555            0.000        0.000        0.000        483277                      269943                      
GPU 7           101.590           0.000        0.000        0.000        486947                      272564                      
GPU 0           96.838            0.000        0.000        0.000        437655                      219613                      
GPU 1           98.295            0.000        0.000        0.000        227492                      42458                       
GPU 2           99.019            0.000        0.000        0.000        236392                      47697                       
GPU 3           97.447            0.000        0.000        0.000        210176                      13627                       
GPU 4           98.350            0.000        0.000        0.000        245824                      57131                       
GPU 5           98.588            0.000        0.000        0.000        228537                      47699                       
GPU 6           99.587            0.000        0.000        0.000        203377                      13628                       
GPU 7           101.563           0.000        0.000        0.000        206516                      14152                       
#Entity         POWER             SMACT        TENSO        DRAMA        PCITX                       PCIRX                       
ID               W                                                                                                               
GPU 0           96.983            0.000        0.000        0.000        263120                      68662                       
GPU 1           98.278            0.000        0.000        0.000        458639                      250548                      
GPU 2           99.078            0.000        0.000        0.000        460744                      243214                      
GPU 3           97.449            0.000        0.000        0.000        493218                      277271                      
GPU 4           98.397            0.000        0.000        0.000        442389                      224863                      
GPU 5           98.583            0.000        0.000        0.000        443451                      232209                      
GPU 6           99.577            0.000        0.000        0.000        480139                      269947                      
GPU 7           101.560           0.000        0.000        0.000        481702                      269942                      
GPU 0           97.028            0.000        0.000        0.000        493222                      276225                      
GPU 1           98.318            0.000        0.000        0.000        484337                      278336                      
GPU 2           99.022            0.000        0.000        0.000        491129                      278324                      
GPU 3           97.430            0.000        0.000        0.000        493747                      277274                      
GPU 4           98.315            0.000        0.000        0.000        483270                      268891                      
GPU 5           98.606            0.000        0.000        0.000        475411                      267320                      
GPU 6           99.596            0.000        0.000        0.000        480651                      268892                      
GPU 7           101.584           0.000        0.000        0.000        484321                      270989                      
GPU 0           96.991            0.000        0.000        0.000        490574                      275162                      
GPU 1           98.308            0.000        0.000        0.000        484850                      279378                      
GPU 2           99.022            0.000        0.000        0.000        489039                      277803                      
GPU 3           97.427            0.000        0.000        0.000        494791                      278844                      
GPU 4           98.459            0.000        0.000        0.000        480650                      269415                      
GPU 5           98.600            0.000        0.000        0.000        473326                      268375                      
GPU 6           99.599            0.000        0.000        0.000        478043                      268375                      
GPU 7           101.615           0.000        0.000        0.000        484326                      275709                      
GPU 0           96.983            0.000        0.000        0.000        492173                      275701                      
GPU 1           98.306            0.000        0.000        0.000        484339                      278862                      
GPU 2           99.036            0.000        0.000        0.000        494283                      280426                      
GPU 3           97.437            0.000        0.000        0.000        493217                      277271                      
GPU 4           98.311            0.000        0.000        0.000        482748                      269940                      
GPU 5           98.586            0.000        0.000        0.000        470702                      266276                      
GPU 6           99.592            0.000        0.000        0.000        481702                      270466                      
GPU 7           101.561           0.000        0.000        0.000        483274                      268369                      
GPU 0           97.087            0.000        0.000        0.000        435035                      222759                      
GPU 1           98.246            0.000        0.000        0.000        391550                      186078                      
GPU 2           99.139            0.000        0.000        0.000        437150                      226437                      
GPU 3           97.459            0.000        0.000        0.000        237957                      47696                       
GPU 4           98.386            0.000        0.000        0.000        428236                      219097                      
GPU 5           98.548            0.000        0.000        0.000        239543                      59754                       
GPU 6           99.570            0.000        0.000        0.000        232730                      49795                       
GPU 7           101.615           0.000        0.000        0.000        240633                      58133                       
GPU 0           97.057            0.000        0.000        0.000        266263                      64993                       
GPU 1           98.337            0.000        0.000        0.000        294583                      105882                      
GPU 2           99.071            0.000        0.000        0.000        260507                      67616                       
GPU 3           97.439            0.000        0.000        0.000        466488                      244251                      
GPU 4           98.341            0.000        0.000        0.000        258405                      63422                       
GPU 5           98.590            0.000        0.000        0.000        434539                      220677                      
GPU 6           99.599            0.000        0.000        0.000        453926                      235350                      
GPU 7           101.581           0.000        0.000        0.000        472331                      244610                      
GPU 0           97.159            0.000        0.000        0.000        491009                      274063                      
GPU 1           98.324            0.000        0.000        0.000        482759                      276761                      
GPU 2           99.073            0.000        0.000        0.000        486939                      277802                      
GPU 3           97.447            0.000        0.000        0.000        494271                      278322                      
GPU 4           98.301            0.000        0.000        0.000        482222                      270463                      
GPU 5           98.610            0.000        0.000        0.000        474890                      267846                      
GPU 6           99.558            0.000        0.000        0.000        483794                      270463                      
GPU 7           101.563           0.000        0.000        0.000        485361                      272557                      
GPU 0           96.992            0.000        0.000        0.000        493742                      277795                      
GPU 1           98.310            0.000        0.000        0.000        486427                      280953                      
GPU 2           99.042            0.000        0.000        0.000        490620                      279381                      
GPU 3           97.440            0.000        0.000        0.000        495311                      279366                      
GPU 4           98.394            0.000        0.000        0.000        483791                      270462                      
GPU 5           98.619            0.000        0.000        0.000        475947                      270996                      
GPU 6           99.557            0.000        0.000        0.000        483275                      270466                      
GPU 7           101.530           0.000        0.000        0.000        486942                      273086                      
GPU 0           97.165            0.000        0.000        0.000        495323                      277800                      
GPU 1           98.227            0.000        0.000        0.000        487997                      279903                      
GPU 2           99.156            0.000        0.000        0.000        488520                      278855                      
GPU 3           97.428            0.000        0.000        0.000        494791                      278844                      
GPU 4           98.329            0.000        0.000        0.000        485360                      272032                      
GPU 5           98.596            0.000        0.000        0.000        470077                      267267                      
GPU 6           99.629            0.000        0.000        0.000        483277                      272564                      
GPU 7           101.542           0.000        0.000        0.000        486943                      274134                      
GPU 0           96.982            0.000        0.000        0.000        439228                      231669                      
GPU 1           98.238            0.000        0.000        0.000        425623                      218053                      
GPU 2           99.032            0.000        0.000        0.000        430328                      221192                      
GPU 3           97.421            0.000        0.000        0.000        247916                      59227                       
GPU 4           98.384            0.000        0.000        0.000        492713                      279378                      
GPU 5           98.595            0.000        0.000        0.000        431393                      229587                      
GPU 6           99.547            0.000        0.000        0.000        245274                      59746                       
GPU 7           101.546           0.000        0.000        0.000        244782                      59754                       
GPU 0           96.885            0.000        0.000        0.000        254209                      51890                       
GPU 1           98.229            0.000        0.000        0.000        252647                      65520                       
GPU 2           99.110            0.000        0.000        0.000        257888                      63423                       
GPU 3           97.447            0.000        0.000        0.000        452857                      229049                      
GPU 4           98.356            0.000        0.000        0.000        208084                      14675                       
GPU 5           98.632            0.000        0.000        0.000        252126                      63424                       
GPU 6           99.541            0.000        0.000        0.000        455495                      234299                      
GPU 7           101.595           0.000        0.000        0.000        442915                      231154                      
GPU 0           97.001            0.000        0.000        0.000        494794                      278846                      
GPU 1           98.310            0.000        0.000        0.000        483269                      279373                      
GPU 2           99.134            0.000        0.000        0.000        487466                      276755                      
GPU 3           97.422            0.000        0.000        0.000        493218                      277271                      
GPU 4           98.341            0.000        0.000        0.000        482748                      269416                      
GPU 5           98.587            0.000        0.000        0.000        470700                      265751                      
GPU 6           99.556            0.000        0.000        0.000        483792                      270462                      
GPU 7           101.586           0.000        0.000        0.000        482749                      272037                      
GPU 0           96.963            0.000        0.000        0.000        494261                      277792                      
GPU 1           98.233            0.000        0.000        0.000        476456                      276753                      
GPU 2           99.048            0.000        0.000        0.000        492181                      278326                      
GPU 3           97.417            0.000        0.000        0.000        494789                      278319                      
GPU 4           98.378            0.000        0.000        0.000        480649                      267842                      
GPU 5           98.593            0.000        0.000        0.000        475943                      268373                      
GPU 6           99.609            0.000        0.000        0.000        481180                      268895                      
GPU 7           101.607           0.000        0.000        0.000        482755                      271517                      
GPU 0           97.094            0.000        0.000        0.000        490602                      275177                      
GPU 1           98.257            0.000        0.000        0.000        486429                      279382                      
GPU 2           99.100            0.000        0.000        0.000        490090                      277280                      
GPU 3           97.451            0.000        0.000        0.000        492175                      276750                      
GPU 4           98.395            0.000        0.000        0.000        483059                      270345                      
GPU 5           98.605            0.000        0.000        0.000        478029                      268367                      
GPU 6           99.566            0.000        0.000        0.000        481699                      268892                      
GPU 7           101.544           0.000        0.000        0.000        483801                      270991                      
#Entity         POWER             SMACT        TENSO        DRAMA        PCITX                       PCIRX                       
ID               W                                                                                                               
GPU 0           97.276            0.000        0.000        0.000        482737                      265741                      
GPU 1           98.234            0.000        0.000        0.000        431912                      228012                      
GPU 2           99.134            0.000        0.000        0.000        485894                      272562                      
GPU 3           97.401            0.000        0.000        0.000        436081                      223282                      
GPU 4           98.358            0.000        0.000        0.000        488045                      276261                      
GPU 5           98.616            0.000        0.000        0.000        480665                      276238                      
GPU 6           99.561            0.000        0.000        0.000        386812                      188164                      
GPU 7           101.577           0.000        0.000        0.000        243731                      63422                       
GPU 0           97.204            0.000        0.000        0.000        238484                      45076                       
GPU 1           98.248            0.000        0.000        0.000        246879                      54512                       
GPU 2           99.093            0.000        0.000        0.000        208615                      13628                       
GPU 3           97.447            0.000        0.000        0.000        264165                      64469                       
GPU 4           98.352            0.000        0.000        0.000        233775                      45602                       
GPU 5           98.591            0.000        0.000        0.000        200757                      13104                       
GPU 6           99.602            0.000        0.000        0.000        297201                      99067                       
GPU 7           101.549           0.000        0.000        0.000        452875                      228534                      
GPU 0           97.036            0.000        0.000        0.000        462817                      243202                      
GPU 1           98.256            0.000        0.000        0.000        484855                      277808                      
GPU 2           99.083            0.000        0.000        0.000        493221                      277797                      
GPU 3           97.447            0.000        0.000        0.000        493222                      277273                      
GPU 4           98.277            0.000        0.000        0.000        455491                      238491                      
GPU 5           98.620            0.000        0.000        0.000        472274                      268373                      
GPU 6           99.591            0.000        0.000        0.000        481684                      269932                      
GPU 7           101.580           0.000        0.000        0.000        481690                      270459                      
GPU 0           97.288            0.000        0.000        0.000        492038                      276149                      
GPU 1           98.231            0.000        0.000        0.000        484321                      277279                      
GPU 2           99.063            0.000        0.000        0.000        490096                      277284                      
GPU 3           97.457            0.000        0.000        0.000        492671                      277258                      
GPU 4           98.359            0.000        0.000        0.000        483272                      269940                      
GPU 5           98.612            0.000        0.000        0.000        476991                      268897                      
GPU 6           99.564            0.000        0.000        0.000        484827                      271503                      
GPU 7           101.592           0.000        0.000        0.000        482764                      270473                      
GPU 0           97.210            0.000        0.000        0.000        492703                      276228                      
GPU 1           98.265            0.000        0.000        0.000        489566                      280426                      
GPU 2           99.086            0.000        0.000        0.000        490614                      279377                      
GPU 3           97.516            0.000        0.000        0.000        492175                      276226                      
GPU 4           98.404            0.000        0.000        0.000        476990                      267848                      
GPU 5           98.607            0.000        0.000        0.000        473290                      266258                      
GPU 6           99.587            0.000        0.000        0.000        480680                      268384                      
GPU 7           101.558           0.000        0.000        0.000        484319                      271512                      
GPU 0           97.080            0.000        0.000        0.000        493198                      276211                      
GPU 1           98.333            0.000        0.000        0.000        485901                      279380                      
GPU 2           99.063            0.000        0.000        0.000        491129                      278848                      
GPU 3           97.410            0.000        0.000        0.000        493736                      277792                      
GPU 4           98.317            0.000        0.000        0.000        482227                      269942                      
GPU 5           98.579            0.000        0.000        0.000        473849                      266802                      
GPU 6           99.530            0.000        0.000        0.000        485368                      270988                      
GPU 7           101.607           0.000        0.000        0.000        481702                      270466                      
GPU 0           97.110            0.000        0.000        0.000        438189                      221191                      
GPU 1           98.237            0.000        0.000        0.000        226966                      45078                       
GPU 2           99.083            0.000        0.000        0.000        244258                      57133                       
GPU 3           97.411            0.000        0.000        0.000        209656                      13103                       
GPU 4           98.322            0.000        0.000        0.000        241636                      58181                       
GPU 5           98.573            0.000        0.000        0.000        239020                      55561                       
GPU 6           99.544            0.000        0.000        0.000        208091                      13104                       
GPU 7           101.538           0.000        0.000        0.000        206518                      13103                       
GPU 0           97.079            0.000        0.000        0.000        263645                      68138                       
GPU 1           98.158            0.000        0.000        0.000        465964                      248968                      
GPU 2           99.104            0.000        0.000        0.000        454969                      236919                      
GPU 3           97.428            0.000        0.000        0.000        492694                      276747                      
GPU 4           98.322            0.000        0.000        0.000        448683                      226962                      
GPU 5           98.636            0.000        0.000        0.000        436629                      224866                      
GPU 6           99.584            0.000        0.000        0.000        485894                      271513                      
GPU 7           101.577           0.000        0.000        0.000        482748                      270988                      
GPU 0           97.220            0.000        0.000        0.000        495318                      278322                      
GPU 1           98.246            0.000        0.000        0.000        488516                      280949                      
GPU 2           99.038            0.000        0.000        0.000        488510                      277800                      
GPU 3           97.467            0.000        0.000        0.000        493743                      277796                      
GPU 4           98.385            0.000        0.000        0.000        483269                      272035                      
GPU 5           98.606            0.000        0.000        0.000        480136                      268897                      
GPU 6           99.567            0.000        0.000        0.000        483786                      272031                      
GPU 7           101.605           0.000        0.000        0.000        481705                      269419                      
GPU 0           97.276            0.000        0.000        0.000        4008180                     300338                      
GPU 1           98.275            0.000        0.000        0.000        478036                      272040                      
GPU 2           99.048            0.000        0.000        0.000        485892                      272037                      
GPU 3           97.430            0.000        0.000        0.000        486933                      270460                      
GPU 4           98.349            0.000        0.000        0.000        492710                      280949                      
GPU 5           98.631            0.000        0.000        0.000        481708                      275711                      
GPU 6           99.598            0.000        0.000        0.000        495867                      284625                      
GPU 7           101.590           0.000        0.000        0.000        488517                      277805                      
GPU 0           96.993            0.000        0.000        0.000        487980                      270983                      
GPU 1           98.225            0.000        0.000        0.000        478581                      271003                      
GPU 2           99.056            0.000        0.000        0.000        483789                      269936                      
GPU 3           97.459            0.000        0.000        0.000        484302                      273599                      
GPU 4           98.390            0.000        0.000        0.000        492718                      280954                      
GPU 5           98.629            0.000        0.000        0.000        485383                      280432                      
GPU 6           99.580            0.000        0.000        0.000        492716                      279905                      
GPU 7           101.523           0.000        0.000        0.000        493751                      278848                      
GPU 0           97.011            0.000        0.000        0.000        428231                      213853                      
GPU 1           98.300            0.000        0.000        0.000        235875                      54513                       
GPU 2           99.031            0.000        0.000        0.000        359572                      153054                      
GPU 3           97.471            0.000        0.000        0.000        237959                      44027                       
GPU 4           98.346            0.000        0.000        0.000        428759                      218573                      
GPU 5           98.620            0.000        0.000        0.000        416954                      219199                      
GPU 6           99.606            0.000        0.000        0.000        205995                      20966                       
GPU 7           101.598           0.000        0.000        0.000        205994                      21490                       
GPU 0           97.012            0.000        0.000        0.000        265744                      66042                       
GPU 1           98.234            0.000        0.000        0.000        441347                      229060                      
GPU 2           99.094            0.000        0.000        0.000        334409                      132610                      
GPU 3           97.428            0.000        0.000        0.000        459674                      241106                      
GPU 4           98.255            0.000        0.000        0.000        268897                      76004                       
GPU 5           98.594            0.000        0.000        0.000        251597                      55328                       
GPU 6           99.588            0.000        0.000        0.000        490093                      272041                      
GPU 7           101.603           0.000        0.000        0.000        492703                      269414                      
GPU 0           97.009            0.000        0.000        0.000        483661                      268293                      
GPU 1           98.280            0.000        0.000        0.000        480111                      273076                      
GPU 2           99.162            0.000        0.000        0.000        483269                      274132                      
GPU 3           97.430            0.000        0.000        0.000        485877                      272028                      
GPU 4           98.313            0.000        0.000        0.000        496371                      282517                      
GPU 5           98.643            0.000        0.000        0.000        484853                      279380                      
GPU 6           99.595            0.000        0.000        0.000        492184                      281473                      
GPU 7           101.524           0.000        0.000        0.000        490088                      278328                      
#Entity         POWER             SMACT        TENSO        DRAMA        PCITX                       PCIRX                       
ID               W                                                                                                               
GPU 0           97.078            0.000        0.000        0.000        481655                      266246                      
GPU 1           98.222            0.000        0.000        0.000        478547                      271508                      
GPU 2           99.029            0.000        0.000        0.000        484333                      271520                      
GPU 3           97.457            0.000        0.000        0.000        486407                      270459                      
GPU 4           98.388            0.000        0.000        0.000        492708                      280948                      
GPU 5           98.633            0.000        0.000        0.000        484841                      279897                      
GPU 6           99.577            0.000        0.000        0.000        486418                      278851                      
GPU 7           101.657           0.000        0.000        0.000        487997                      277807                      
GPU 0           96.921            0.000        0.000        0.000        488448                      281434                      
GPU 1           98.289            0.000        0.000        0.000        488541                      282536                      
GPU 2           99.103            0.000        0.000        0.000        491660                      281472                      
GPU 3           97.437            0.000        0.000        0.000        493214                      277269                      
GPU 4           98.364            0.000        0.000        0.000        487988                      274133                      
GPU 5           98.646            0.000        0.000        0.000        480119                      269412                      
GPU 6           99.555            0.000        0.000        0.000        483275                      272038                      
GPU 7           101.562           0.000        0.000        0.000        472710                      270943                      
GPU 0           96.964            0.000        0.000        0.000        439765                      226959                      
GPU 1           98.266            0.000        0.000        0.000        432955                      223815                      
GPU 2           99.148            0.000        0.000        0.000        434787                      225774                      
GPU 3           97.401            0.000        0.000        0.000        247918                      56083                       
GPU 4           98.382            0.000        0.000        0.000        420884                      220138                      
GPU 5           98.576            0.000        0.000        0.000        238505                      60281                       
GPU 6           99.543            0.000        0.000        0.000        243736                      55561                       
GPU 7           101.488           0.000        0.000        0.000        243028                      58612                       
GPU 0           96.981            0.000        0.000        0.000        267317                      66043                       
GPU 1           98.270            0.000        0.000        0.000        256317                      69714                       
GPU 2           99.101            0.000        0.000        0.000        261028                      67091                       
GPU 3           97.430            0.000        0.000        0.000        454432                      235340                      
GPU 4           98.330            0.000        0.000        0.000        261557                      64996                       
GPU 5           98.588            0.000        0.000        0.000        439769                      222243                      
GPU 6           99.535            0.000        0.000        0.000        447099                      230101                      
GPU 7           101.608           0.000        0.000        0.000        471739                      245770                      
GPU 0           96.944            0.000        0.000        0.000        475904                      266254                      
GPU 1           98.229            0.000        0.000        0.000        479084                      273088                      
GPU 2           99.112            0.000        0.000        0.000        482753                      271516                      
GPU 3           97.457            0.000        0.000        0.000        487975                      271505                      
GPU 4           98.423            0.000        0.000        0.000        493229                      281471                      
GPU 5           98.559            0.000        0.000        0.000        487475                      279905                      
GPU 6           99.562            0.000        0.000        0.000        492188                      280427                      
GPU 7           101.560           0.000        0.000        0.000        482217                      274654                      
