#Entity         POWER             SMACT        TENSO        DRAMA        PCITX                       PCIRX                       
ID               W                                                                                                               
GPU 0           96.447            N/A          N/A          N/A          N/A                         N/A                         
GPU 1           97.819            N/A          N/A          N/A          N/A                         N/A                         
GPU 2           98.050            N/A          N/A          N/A          N/A                         N/A                         
GPU 3           96.482            N/A          N/A          N/A          N/A                         N/A                         
GPU 4           97.489            N/A          N/A          N/A          N/A                         N/A                         
GPU 5           98.044            N/A          N/A          N/A          N/A                         N/A                         
GPU 6           98.663            N/A          N/A          N/A          N/A                         N/A                         
GPU 7           100.456           N/A          N/A          N/A          N/A                         N/A                         
GPU 0           96.412            0.000        0.000        0.000        266265                      76001                       
GPU 1           97.823            0.000        0.000        0.000        255271                      71287                       
GPU 2           98.077            0.000        0.000        0.000        254218                      57133                       
GPU 3           96.480            0.000        0.000        0.000        483787                      269411                      
GPU 4           97.518            0.000        0.000        0.000        269415                      81243                       
GPU 5           98.043            0.000        0.000        0.000        268901                      89633                       
GPU 6           98.649            0.000        0.000        0.000        265745                      79147                       
GPU 7           100.410           0.000        0.000        0.000        269419                      81245                       
GPU 0           96.418            0.000        0.000        0.000        515760                      320253                      
GPU 1           97.836            0.000        0.000        0.000        505826                      321842                      
GPU 2           98.085            0.000        0.000        0.000        514205                      323933                      
GPU 3           96.482            0.000        0.000        0.000        518909                      323401                      
GPU 4           97.465            0.000        0.000        0.000        504765                      310826                      
GPU 5           98.044            0.000        0.000        0.000        495333                      311876                      
GPU 6           98.660            0.000        0.000        0.000        497946                      311347                      
GPU 7           100.460           0.000        0.000        0.000        505287                      313970                      
GPU 0           96.431            0.000        0.000        0.000        515232                      308195                      
GPU 1           97.854            0.000        0.000        0.000        505815                      308730                      
GPU 2           98.129            0.000        0.000        0.000        508970                      308736                      
GPU 3           96.480            0.000        0.000        0.000        517333                      310819                      
GPU 4           97.486            0.000        0.000        0.000        501086                      299813                      
GPU 5           98.032            0.000        0.000        0.000        492722                      297729                      
GPU 6           98.693            0.000        0.000        0.000        501096                      300343                      
GPU 7           100.530           0.000        0.000        0.000        502669                      300867                      
GPU 0           96.443            0.000        0.000        0.000        679822                      489031                      
GPU 1           97.845            0.000        0.000        0.000        685093                      507922                      
GPU 2           98.055            0.000        0.000        0.000        738562                      553528                      
GPU 3           96.492            0.000        0.000        0.000        666199                      469642                      
GPU 4           97.481            0.000        0.000        0.000        677220                      490093                      
GPU 5           98.055            0.000        0.000        0.000        659392                      478557                      
GPU 6           98.671            0.000        0.000        0.000        675129                      492194                      
GPU 7           100.541           0.000        0.000        0.000        678266                      492188                      
GPU 0           96.430            0.000        0.000        0.000        265739                      70234                       
GPU 1           97.851            0.000        0.000        0.000        244790                      57659                       
GPU 2           98.039            0.000        0.000        0.000        209658                      13627                       
GPU 3           96.480            0.000        0.000        0.000        286705                      96966                       
GPU 4           97.477            0.000        0.000        0.000        261555                      68140                       
GPU 5           98.028            0.000        0.000        0.000        262086                      78626                       
GPU 6           98.680            0.000        0.000        0.000        257365                      66569                       
GPU 7           100.482           0.000        0.000        0.000        262076                      68139                       
GPU 0           96.412            0.000        0.000        0.000        515238                      319731                      
GPU 1           97.843            0.000        0.000        0.000        504770                      320788                      
GPU 2           98.062            0.000        0.000        0.000        513678                      322359                      
GPU 3           96.492            0.000        0.000        0.000        515238                      321303                      
GPU 4           97.486            0.000        0.000        0.000        505283                      312919                      
GPU 5           98.056            0.000        0.000        0.000        494294                      310310                      
GPU 6           98.662            0.000        0.000        0.000        504228                      312391                      
GPU 7           100.574           0.000        0.000        0.000        505820                      313975                      
GPU 0           96.470            0.000        0.000        0.000        552975                      353275                      
GPU 1           97.833            0.000        0.000        0.000        546188                      357486                      
GPU 2           98.101            0.000        0.000        0.000        552474                      359055                      
GPU 3           96.469            0.000        0.000        0.000        558221                      359043                      
GPU 4           97.499            0.000        0.000        0.000        550896                      355383                      
GPU 5           98.008            0.000        0.000        0.000        542506                      351711                      
GPU 6           98.642            0.000        0.000        0.000        546688                      352228                      
GPU 7           100.496           0.000        0.000        0.000        551411                      353280                      
GPU 0           96.435            0.000        0.000        0.000        527812                      321300                      
GPU 1           97.812            0.000        0.000        0.000        515249                      319213                      
GPU 2           98.025            0.000        0.000        0.000        524159                      319737                      
GPU 3           96.509            0.000        0.000        0.000        528864                      322350                      
GPU 4           97.524            0.000        0.000        0.000        514728                      313449                      
GPU 5           98.054            0.000        0.000        0.000        508970                      314502                      
GPU 6           98.669            0.000        0.000        0.000        517347                      315021                      
GPU 7           100.592           0.000        0.000        0.000        517353                      315548                      
GPU 0           96.443            0.000        0.000        0.000        445004                      233247                      
GPU 1           97.805            0.000        0.000        0.000        440828                      237449                      
GPU 2           98.159            0.000        0.000        0.000        473848                      273092                      
GPU 3           96.471            0.000        0.000        0.000        209659                      19917                       
GPU 4           97.495            0.000        0.000        0.000        410418                      203374                      
GPU 5           98.054            0.000        0.000        0.000        236921                      58706                       
GPU 6           98.680            0.000        0.000        0.000        317114                      126845                      
GPU 7           100.551           0.000        0.000        0.000        246355                      63947                       
GPU 0           127.505           0.066        0.022        0.017        2985917192                  2717937351                  
GPU 1           129.989           0.070        0.024        0.018        2771655504                  3446220706                  
GPU 2           134.162           0.080        0.027        0.021        3547551010                  3181047502                  
GPU 3           129.143           0.049        0.016        0.013        1956213066                  2393305540                  
GPU 4           129.637           0.066        0.022        0.017        2977650185                  2733474152                  
GPU 5           130.070           0.063        0.022        0.017        2457267939                  3023279504                  
GPU 6           130.236           0.069        0.023        0.018        3106398311                  2756296279                  
GPU 7           133.440           0.067        0.023        0.018        2621295923                  3261740705                  
GPU 0           105.811           0.030        0.010        0.008        1356926778                  1621365548                  
GPU 1           108.451           0.025        0.008        0.007        978731932                   1306316050                  
GPU 2           105.217           0.017        0.005        0.004        777345321                   957764314                   
GPU 3           104.563           0.046        0.016        0.012        1789588910                  2323331637                  
GPU 4           107.296           0.030        0.010        0.008        1355020770                  1643846957                  
GPU 5           109.227           0.033        0.011        0.009        1295879428                  1704546955                  
GPU 6           109.544           0.027        0.009        0.007        1247959750                  1569444946                  
GPU 7           107.330           0.029        0.010        0.008        1135897741                  1629368065                  
GPU 0           96.490            0.000        0.000        0.000        516808                      309770                      
GPU 1           97.797            0.000        0.000        0.000        493202                      308710                      
GPU 2           98.430            0.000        0.000        0.000        515248                      311350                      
GPU 3           96.731            0.001        0.000        0.000        5334718                     21799595                    
GPU 4           97.621            0.000        0.000        0.000        506859                      301914                      
GPU 5           98.123            0.000        0.000        0.000        498478                      302966                      
GPU 6           99.068            0.000        0.000        0.000        502126                      302953                      
GPU 7           100.569           0.000        0.000        0.000        507379                      304532                      
GPU 0           98.384            0.007        0.000        0.002        213672850                   2302960997                  
GPU 1           99.948            0.006        0.000        0.002        93787037                    836377474                   
GPU 2           101.449           0.008        0.000        0.002        252137768                   2656519516                  
GPU 3           99.096            0.006        0.000        0.002        97736018                    934816289                   
GPU 4           99.583            0.007        0.000        0.002        204206207                   2182294437                  
GPU 5           99.813            0.005        0.000        0.002        64254100                    187871893                   
GPU 6           100.799           0.008        0.000        0.002        253030978                   2893264358                  
GPU 7           102.334           0.006        0.000        0.002        97542422                    929118073                   
GPU 0           178.868           0.213        0.015        0.100        2697881216                  7627073050                  
GPU 1           183.582           0.215        0.015        0.101        2307299296                  5483794814                  
GPU 2           179.215           0.230        0.016        0.109        2857517061                  7308748913                  
GPU 3           176.171           0.190        0.013        0.089        2010731282                  4966900321                  
GPU 4           181.246           0.211        0.015        0.100        2756436876                  8473152428                  
GPU 5           179.383           0.206        0.015        0.098        2268832493                  6923190818                  
GPU 6           178.773           0.214        0.015        0.101        2765865710                  8375790673                  
GPU 7           178.562           0.214        0.015        0.101        2335928828                  7091302740                  
#Entity         POWER             SMACT        TENSO        DRAMA        PCITX                       PCIRX                       
ID               W                                                                                                               
GPU 0           188.339           0.245        0.018        0.116        2969113564                  7208645465                  
GPU 1           195.063           0.246        0.018        0.117        2580393844                  6197423449                  
GPU 2           182.772           0.244        0.018        0.116        3033448781                  7900185917                  
GPU 3           182.892           0.246        0.018        0.118        2580841545                  6373154214                  
GPU 4           188.690           0.243        0.018        0.116        3050793703                  8352668085                  
GPU 5           191.053           0.243        0.018        0.117        2645089767                  7785386780                  
GPU 6           190.619           0.242        0.017        0.116        3019469349                  8122578041                  
GPU 7           186.341           0.244        0.018        0.117        2628608194                  7392302992                  
GPU 0           156.472           0.173        0.012        0.083        2137888556                  5152718575                  
GPU 1           159.382           0.165        0.012        0.079        1774432251                  4205357706                  
GPU 2           150.335           0.156        0.011        0.075        1930615196                  4846712725                  
GPU 3           152.165           0.197        0.014        0.094        2093179065                  5038598717                  
GPU 4           156.202           0.173        0.012        0.083        2165401441                  5550412365                  
GPU 5           162.028           0.178        0.013        0.086        1958294548                  5662444877                  
GPU 6           160.069           0.166        0.012        0.079        2126817192                  5794747281                  
GPU 7           155.132           0.171        0.012        0.082        1883785746                  5391957649                  
GPU 0           99.311            0.008        0.000        0.002        650204434                   10823339712                 
GPU 1           99.629            0.004        0.000        0.002        48236804                    412648051                   
GPU 2           100.239           0.005        0.000        0.002        63249914                    577173419                   
GPU 3           99.726            0.008        0.000        0.002        373002586                   7538854071                  
GPU 4           100.337           0.008        0.000        0.002        633054119                   10512490185                 
GPU 5           99.977            0.004        0.000        0.002        40124466                    235549295                   
GPU 6           100.948           0.005        0.000        0.002        72164407                    741382745                   
GPU 7           102.386           0.005        0.000        0.002        35749942                    138655642                   
GPU 0           97.850            0.005        0.000        0.000        356551956                   4160518310                  
GPU 1           98.603            0.001        0.000        0.000        4564712                     5929042                     
GPU 2           99.024            0.001        0.000        0.000        38498079                    396572147                   
GPU 3           99.033            0.007        0.000        0.000        67307228                    1265524440                  
GPU 4           99.691            0.007        0.000        0.000        635370421                   8197512959                  
GPU 5           98.835            0.001        0.000        0.000        4219018                     4871525                     
GPU 6           99.875            0.002        0.000        0.000        162557909                   1842664524                  
GPU 7           101.118           0.001        0.000        0.000        4233010                     4927504                     
GPU 0           126.137           0.071        0.023        0.020        1561450238                  5148643319                  
GPU 1           128.400           0.069        0.023        0.020        1160178213                  1723640497                  
GPU 2           127.250           0.069        0.023        0.020        1345972318                  1962230016                  
GPU 3           124.414           0.072        0.023        0.020        1247086118                  3475787873                  
GPU 4           127.276           0.072        0.023        0.020        1576732161                  5304993072                  
GPU 5           126.993           0.067        0.023        0.020        1160097612                  1681951005                  
GPU 6           129.744           0.070        0.023        0.020        1416230502                  3054409757                  
GPU 7           129.237           0.070        0.023        0.020        1162815127                  1764871929                  
GPU 0           98.399            0.009        0.000        0.000        842588064                   13207280823                 
GPU 1           98.450            0.002        0.000        0.000        30696867                    39176192                    
GPU 2           98.886            0.001        0.000        0.000        39280685                    91988465                    
GPU 3           97.342            0.005        0.000        0.000        33935545                    58791386                    
GPU 4           98.311            0.004        0.000        0.000        44412091                    133314372                   
GPU 5           99.108            0.001        0.000        0.000        30061195                    34598338                    
GPU 6           99.468            0.002        0.000        0.000        40059492                    90097167                    
GPU 7           101.333           0.003        0.000        0.000        32259882                    49111066                    
GPU 0           104.041           0.023        0.001        0.007        1340502639                  18025665624                 
GPU 1           105.146           0.015        0.001        0.007        347629799                   2766321441                  
GPU 2           103.390           0.015        0.001        0.007        462505786                   3624410662                  
GPU 3           102.736           0.017        0.001        0.007        441865502                   4842472802                  
GPU 4           104.261           0.016        0.001        0.007        555461700                   5139868589                  
GPU 5           104.426           0.014        0.001        0.007        276422506                   1194616718                  
GPU 6           105.275           0.015        0.001        0.007        470035224                   3786420404                  
GPU 7           107.145           0.016        0.001        0.007        339116838                   2584648913                  
GPU 0           112.198           0.046        0.009        0.007        2326995405                  2133502886                  
GPU 1           114.338           0.032        0.009        0.008        2157316300                  2670108445                  
GPU 2           115.666           0.039        0.011        0.009        2912476075                  2506010794                  
GPU 3           112.773           0.017        0.005        0.004        1290798014                  1598658859                  
GPU 4           114.243           0.046        0.009        0.007        2339514947                  2143232658                  
GPU 5           112.010           0.026        0.008        0.006        1843330782                  2297835468                  
GPU 6           117.346           0.031        0.009        0.008        2438167274                  2210170215                  
GPU 7           117.059           0.029        0.009        0.008        2020926434                  2612567002                  
GPU 0           146.471           0.116        0.034        0.029        8255096813                  7253630538                  
GPU 1           153.004           0.115        0.034        0.030        7070944792                  8848392027                  
GPU 2           146.268           0.118        0.035        0.029        8268927851                  7214932372                  
GPU 3           144.737           0.115        0.033        0.030        7079759888                  8798250401                  
GPU 4           148.386           0.116        0.034        0.029        8300303675                  7358996417                  
GPU 5           151.210           0.119        0.035        0.030        7085908356                  8904172622                  
GPU 6           149.027           0.115        0.034        0.029        8251015617                  7159809733                  
GPU 7           149.701           0.117        0.035        0.031        7095715104                  8893581171                  
GPU 0           144.378           0.110        0.033        0.028        8206913586                  7476131070                  
GPU 1           148.967           0.109        0.033        0.028        7031225536                  9005632815                  
GPU 2           145.684           0.114        0.034        0.028        8164218424                  7277396502                  
GPU 3           141.554           0.109        0.032        0.028        7061692006                  9083286464                  
GPU 4           145.878           0.111        0.034        0.028        8248477659                  7644586325                  
GPU 5           148.894           0.112        0.034        0.029        7022970416                  9055882436                  
GPU 6           144.668           0.111        0.033        0.028        8219633019                  8310608784                  
GPU 7           148.483           0.110        0.033        0.029        7106338282                  9990079177                  
GPU 0           148.887           0.118        0.035        0.030        8273809702                  7102281172                  
GPU 1           154.302           0.116        0.033        0.030        7107972061                  8807788164                  
GPU 2           148.437           0.118        0.035        0.029        8304510531                  7169525810                  
GPU 3           145.032           0.118        0.034        0.031        7100898060                  8784167447                  
GPU 4           148.891           0.118        0.035        0.030        8311848648                  7123893344                  
GPU 5           153.148           0.120        0.035        0.031        7100640455                  8853262995                  
GPU 6           147.172           0.119        0.035        0.030        8256441033                  7111563258                  
GPU 7           150.304           0.119        0.035        0.031        7121792693                  8829687745                  
GPU 0           147.251           0.115        0.034        0.029        8146410678                  7484862742                  
GPU 1           153.431           0.113        0.034        0.029        6979362890                  8953052268                  
GPU 2           147.454           0.116        0.035        0.029        8103270058                  7332401681                  
GPU 3           145.181           0.113        0.033        0.029        6998751031                  8974383016                  
GPU 4           146.965           0.113        0.034        0.029        8167924560                  7691717126                  
GPU 5           149.107           0.112        0.033        0.029        6993225682                  9007993910                  
GPU 6           147.616           0.113        0.034        0.028        8169758215                  8167912835                  
GPU 7           149.025           0.114        0.034        0.030        7039403692                  9740335161                  
GPU 0           151.050           0.126        0.038        0.032        8007959108                  7140448456                  
GPU 1           158.319           0.127        0.039        0.032        6875419482                  8713948036                  
GPU 2           149.788           0.126        0.039        0.031        8025803745                  7134194632                  
GPU 3           149.311           0.128        0.039        0.033        6901522583                  8695584057                  
GPU 4           153.483           0.128        0.039        0.032        8031896817                  7255938744                  
GPU 5           156.139           0.127        0.039        0.032        6899491796                  8758058052                  
GPU 6           151.979           0.126        0.038        0.032        8014818281                  7664605810                  
GPU 7           154.451           0.127        0.039        0.033        6921290005                  9296451269                  
GPU 0           113.382           0.058        0.010        0.013        3003187033                  12957298776                 
GPU 1           119.411           0.055        0.009        0.013        1837730864                  4533790654                  
GPU 2           111.732           0.050        0.008        0.012        2141171489                  8424642606                  
GPU 3           114.868           0.064        0.013        0.015        2538713022                  4790409053                  
GPU 4           114.586           0.058        0.010        0.014        2977280421                  12829156212                 
GPU 5           117.182           0.059        0.011        0.014        2117896143                  5017803835                  
GPU 6           113.174           0.053        0.009        0.013        2833376473                  11717346878                 
GPU 7           119.225           0.058        0.010        0.014        1988203053                  5008418693                  
#Entity         POWER             SMACT        TENSO        DRAMA        PCITX                       PCIRX                       
ID               W                                                                                                               
GPU 0           115.865           0.056        0.006        0.015        2145990926                  14558172293                 
GPU 1           120.940           0.055        0.006        0.015        1016608594                  2789898534                  
GPU 2           113.761           0.057        0.006        0.015        1826770000                  10460323818                 
GPU 3           116.509           0.055        0.005        0.014        932237302                   2101453638                  
GPU 4           116.542           0.056        0.006        0.015        2181414567                  14980594689                 
GPU 5           118.883           0.056        0.006        0.015        1002692210                  2727285999                  
GPU 6           116.629           0.056        0.006        0.015        2301610499                  16551274058                 
GPU 7           122.111           0.055        0.006        0.015        1019662684                  2855605556                  
GPU 0           114.588           0.061        0.007        0.018        2190306962                  14089091430                 
GPU 1           123.968           0.061        0.007        0.018        1098845947                  2858481950                  
GPU 2           118.852           0.060        0.007        0.018        1885474533                  10711378456                 
GPU 3           118.183           0.060        0.007        0.018        1077633467                  2491959441                  
GPU 4           118.604           0.061        0.007        0.018        2289950765                  15248168822                 
GPU 5           120.192           0.061        0.007        0.018        1101148856                  2901128722                  
GPU 6           119.568           0.061        0.007        0.018        2389041838                  16499508983                 
GPU 7           122.722           0.061        0.007        0.018        1106426045                  2985579605                  
GPU 0           115.833           0.060        0.007        0.018        2134547973                  14290770614                 
GPU 1           122.009           0.060        0.007        0.018        1057876860                  2730926529                  
GPU 2           117.573           0.060        0.007        0.018        1789999485                  9612649677                  
GPU 3           119.225           0.060        0.007        0.018        1015362525                  2215602802                  
GPU 4           118.903           0.060        0.007        0.017        2219560595                  15171752529                 
GPU 5           121.562           0.060        0.007        0.018        1035239193                  2860290687                  
GPU 6           119.325           0.059        0.007        0.017        2436498761                  17777628253                 
GPU 7           123.648           0.060        0.007        0.018        1038415865                  2968716633                  
GPU 0           113.953           0.056        0.006        0.015        2059302499                  14362246803                 
GPU 1           119.503           0.056        0.006        0.015        918871392                   2603138680                  
GPU 2           116.774           0.057        0.006        0.015        1802803389                  11581847018                 
GPU 3           117.591           0.056        0.006        0.016        934477559                   2269859158                  
GPU 4           114.814           0.056        0.006        0.015        2141586520                  15419057547                 
GPU 5           118.072           0.056        0.006        0.015        930073257                   2187606176                  
GPU 6           117.729           0.057        0.006        0.015        2226539956                  16497858675                 
GPU 7           122.235           0.056        0.006        0.016        945604449                   2600441579                  
GPU 0           115.687           0.058        0.007        0.017        2084594601                  14335525633                 
GPU 1           119.778           0.058        0.006        0.017        973082946                   2603371515                  
GPU 2           116.934           0.058        0.006        0.016        1869155585                  11657856151                 
GPU 3           115.942           0.058        0.006        0.017        963975503                   2379686340                  
GPU 4           117.820           0.058        0.006        0.017        2192110271                  15632400737                 
GPU 5           118.829           0.058        0.006        0.017        958656527                   2061812782                  
GPU 6           118.843           0.058        0.006        0.017        2278489612                  16855952935                 
GPU 7           123.055           0.058        0.006        0.017        976363460                   2710498761                  
GPU 0           115.680           0.059        0.007        0.017        2169266454                  15293422657                 
GPU 1           121.758           0.059        0.007        0.017        993282113                   2870665974                  
GPU 2           114.930           0.058        0.006        0.017        1800225666                  10627836502                 
GPU 3           119.268           0.058        0.006        0.017        968548762                   2218366329                  
GPU 4           117.324           0.058        0.007        0.017        2114940879                  14523012862                 
GPU 5           119.134           0.058        0.006        0.017        950365506                   2035661099                  
GPU 6           118.449           0.059        0.007        0.017        2321750258                  17176217237                 
GPU 7           120.678           0.059        0.007        0.017        988529425                   2865291227                  
GPU 0           117.391           0.061        0.007        0.018        2065014278                  13350577285                 
GPU 1           121.531           0.060        0.007        0.018        1023636562                  2610829944                  
GPU 2           117.270           0.060        0.007        0.018        1906888474                  11475460470                 
GPU 3           116.879           0.060        0.007        0.018        1002121052                  2315121809                  
GPU 4           119.069           0.060        0.007        0.018        2267577911                  15702504252                 
GPU 5           120.575           0.060        0.007        0.018        993518327                   2114032981                  
GPU 6           120.114           0.060        0.007        0.018        2304331571                  16229058839                 
GPU 7           121.991           0.061        0.007        0.018        1037943619                  2905170663                  
GPU 0           115.473           0.061        0.007        0.018        2125684746                  14240933226                 
GPU 1           119.718           0.060        0.007        0.018        1015662573                  2572411473                  
GPU 2           117.232           0.060        0.007        0.018        1819094161                  10538088035                 
GPU 3           120.914           0.060        0.007        0.018        963170083                   2143801647                  
GPU 4           118.383           0.060        0.007        0.018        2180080918                  14855435565                 
GPU 5           121.207           0.061        0.007        0.018        1001542732                  2098055062                  
GPU 6           119.734           0.060        0.007        0.018        2414991195                  17724841243                 
GPU 7           122.069           0.061        0.007        0.018        1047936522                  3154046512                  
GPU 0           117.183           0.060        0.007        0.018        2079372816                  14139351728                 
GPU 1           119.261           0.060        0.007        0.018        976885783                   2664937387                  
GPU 2           117.011           0.060        0.007        0.018        1870452326                  11454864965                 
GPU 3           118.893           0.059        0.007        0.018        964112186                   2240165708                  
GPU 4           118.806           0.060        0.007        0.018        2137318586                  14808688295                 
GPU 5           120.475           0.060        0.007        0.018        940229102                   1963206736                  
GPU 6           120.261           0.060        0.007        0.018        2226662521                  16080075268                 
GPU 7           124.156           0.061        0.007        0.018        993865855                   3071000181                  
GPU 0           117.606           0.060        0.007        0.018        2174458563                  15040409136                 
GPU 1           122.203           0.060        0.007        0.018        1014158105                  2862341589                  
GPU 2           117.657           0.061        0.007        0.018        1891652163                  11563105400                 
GPU 3           119.075           0.060        0.007        0.018        999338681                   2529677924                  
GPU 4           117.012           0.060        0.007        0.018        2149626903                  14740811416                 
GPU 5           120.256           0.061        0.007        0.018        984754843                   2130086652                  
GPU 6           119.645           0.060        0.007        0.018        2221435749                  15557733596                 
GPU 7           124.711           0.060        0.007        0.018        1013887615                  2882609976                  
GPU 0           117.324           0.060        0.007        0.018        2102173655                  14139422370                 
GPU 1           121.951           0.061        0.007        0.018        1012278624                  2644382957                  
GPU 2           116.442           0.060        0.007        0.018        1965345722                  12458737094                 
GPU 3           120.406           0.060        0.007        0.018        996597375                   2561986225                  
GPU 4           118.315           0.060        0.007        0.018        2204046240                  15459888101                 
GPU 5           121.630           0.060        0.007        0.018        1001743826                  2521490011                  
GPU 6           117.126           0.060        0.007        0.017        2248663259                  15956474614                 
GPU 7           125.450           0.061        0.007        0.018        1015259860                  2864316811                  
GPU 0           118.148           0.064        0.008        0.020        2220496668                  14584901221                 
GPU 1           124.392           0.062        0.007        0.019        1081527381                  2919454101                  
GPU 2           118.468           0.063        0.008        0.019        1941997497                  11471855813                 
GPU 3           120.127           0.063        0.008        0.020        1076207970                  2510815809                  
GPU 4           121.468           0.063        0.008        0.019        2219943340                  14649525052                 
GPU 5           123.627           0.063        0.008        0.020        1082025395                  2937809363                  
GPU 6           120.246           0.063        0.008        0.020        2331908341                  16002642681                 
GPU 7           124.372           0.064        0.008        0.020        1095133183                  3045181632                  
GPU 0           116.733           0.060        0.007        0.018        2131501811                  14618842749                 
GPU 1           120.996           0.060        0.007        0.018        1004573071                  2932146506                  
GPU 2           117.438           0.061        0.007        0.018        1873017963                  11413628776                 
GPU 3           119.979           0.060        0.007        0.018        965987571                   2490769634                  
GPU 4           116.567           0.060        0.007        0.018        2146919568                  14758167562                 
GPU 5           121.034           0.060        0.007        0.018        1002511317                  2948535964                  
GPU 6           120.022           0.060        0.007        0.018        2249240649                  16086039215                 
GPU 7           122.667           0.061        0.007        0.018        1009208260                  3117151413                  
GPU 0           116.126           0.060        0.007        0.018        2143996974                  14789595261                 
GPU 1           121.751           0.060        0.007        0.018        1006477401                  2931860979                  
GPU 2           114.640           0.059        0.007        0.017        1874028686                  11635744467                 
GPU 3           117.195           0.060        0.007        0.020        1070821363                  2648707040                  
GPU 4           119.174           0.060        0.007        0.018        2123921712                  14528157998                 
GPU 5           120.039           0.060        0.007        0.018        1010483960                  2928478842                  
GPU 6           118.375           0.060        0.007        0.018        2255738846                  16158375802                 
GPU 7           122.572           0.060        0.007        0.018        1016348079                  3139303578                  
#Entity         POWER             SMACT        TENSO        DRAMA        PCITX                       PCIRX                       
ID               W                                                                                                               
GPU 0           116.491           0.063        0.008        0.019        2214676941                  14619765506                 
GPU 1           122.546           0.062        0.007        0.019        1084037279                  2884453331                  
GPU 2           120.300           0.063        0.008        0.020        1839235392                  9875078115                  
GPU 3           119.513           0.063        0.008        0.020        1054973240                  2388205140                  
GPU 4           119.851           0.063        0.008        0.020        2220144045                  14670998517                 
GPU 5           122.264           0.063        0.008        0.020        1081077951                  2809715255                  
GPU 6           121.035           0.063        0.008        0.019        2462500709                  17620422702                 
GPU 7           125.075           0.063        0.008        0.019        1106391214                  3297675149                  
GPU 0           116.473           0.061        0.007        0.018        2178257107                  14716738689                 
GPU 1           121.518           0.060        0.007        0.018        1032454177                  2822543326                  
GPU 2           116.757           0.061        0.007        0.018        1802448896                  10375903573                 
GPU 3           119.546           0.061        0.007        0.018        1005616111                  2308584444                  
GPU 4           118.971           0.061        0.007        0.018        2174326675                  14660004564                 
GPU 5           121.188           0.060        0.007        0.018        981270026                   2641749174                  
GPU 6           117.654           0.060        0.007        0.018        2380014943                  17282272504                 
GPU 7           122.612           0.061        0.007        0.019        1047475861                  3068075097                  
GPU 0           117.841           0.061        0.007        0.019        2118109137                  14772659336                 
GPU 1           122.686           0.061        0.007        0.018        979147432                   2694392940                  
GPU 2           116.159           0.061        0.007        0.018        1845212419                  10979465981                 
GPU 3           120.145           0.061        0.007        0.019        944648655                   2242813709                  
GPU 4           119.054           0.061        0.007        0.018        2147125401                  15037121066                 
GPU 5           123.731           0.062        0.007        0.019        1021498246                  2815843318                  
GPU 6           120.226           0.061        0.007        0.018        2351298439                  17504813135                 
GPU 7           123.769           0.061        0.007        0.019        976863511                   2782336835                  
GPU 0           119.147           0.061        0.007        0.018        2146760085                  14852105074                 
GPU 1           122.196           0.060        0.007        0.018        1007911901                  2913816145                  
GPU 2           117.490           0.061        0.007        0.018        1745786063                  10310638906                 
GPU 3           119.395           0.060        0.007        0.018        977344103                   2302714719                  
GPU 4           117.654           0.060        0.007        0.018        2169737783                  15147842709                 
GPU 5           122.877           0.060        0.007        0.018        978946290                   2374132474                  
GPU 6           118.023           0.060        0.007        0.018        2318434732                  16938870783                 
GPU 7           123.112           0.061        0.007        0.018        1001929666                  2745619223                  
GPU 0           115.357           0.058        0.006        0.017        2064676898                  14236961299                 
GPU 1           119.707           0.058        0.006        0.017        956758514                   2731032132                  
GPU 2           114.883           0.058        0.006        0.016        1842383451                  11616009942                 
GPU 3           116.512           0.057        0.006        0.016        934591750                   2419041483                  
GPU 4           117.794           0.058        0.006        0.016        2161706586                  15451882354                 
GPU 5           117.826           0.058        0.006        0.016        917105061                   2020875891                  
GPU 6           117.774           0.058        0.006        0.016        2219457393                  16409306213                 
GPU 7           122.719           0.058        0.006        0.017        948291650                   2614761145                  
GPU 0           118.071           0.060        0.007        0.017        2155954923                  14697810068                 
GPU 1           119.997           0.060        0.007        0.018        1033235655                  2838077568                  
GPU 2           118.926           0.060        0.007        0.018        1941843542                  11761014858                 
GPU 3           116.761           0.060        0.007        0.018        999984664                   2479061514                  
GPU 4           117.613           0.060        0.007        0.018        2179978855                  14929163127                 
GPU 5           120.573           0.060        0.007        0.018        989274377                   2099658862                  
GPU 6           119.530           0.060        0.007        0.018        2279853645                  16110604731                 
GPU 7           125.265           0.060        0.007        0.018        1017210614                  2878058260                  
GPU 0           114.946           0.061        0.007        0.018        2093362106                  13815056903                 
GPU 1           120.978           0.060        0.007        0.018        1011995175                  2720662886                  
GPU 2           116.380           0.060        0.007        0.017        1829423856                  10818698866                 
GPU 3           119.568           0.060        0.007        0.018        992353210                   2307499007                  
GPU 4           116.396           0.061        0.007        0.018        2221128788                  15289709048                 
GPU 5           119.134           0.060        0.007        0.018        997950695                   2088694267                  
GPU 6           119.351           0.060        0.007        0.018        2341952039                  16886700798                 
GPU 7           121.134           0.061        0.007        0.018        1034944969                  3048550499                  
GPU 0           117.765           0.061        0.007        0.018        2210484836                  15044161600                 
GPU 1           122.885           0.060        0.007        0.018        1022176281                  2631364437                  
GPU 2           117.431           0.061        0.007        0.018        1892156289                  10977079962                 
GPU 3           120.063           0.061        0.007        0.018        1006404730                  2208355817                  
GPU 4           117.686           0.061        0.007        0.018        2158246264                  14328902591                 
GPU 5           121.906           0.060        0.007        0.018        956404657                   1951731715                  
GPU 6           121.935           0.060        0.007        0.018        2359118658                  16955801792                 
GPU 7           125.283           0.061        0.007        0.021        1148032042                  3201629882                  
GPU 0           115.818           0.060        0.007        0.018        2102824327                  14321249299                 
GPU 1           121.002           0.060        0.007        0.018        999677621                   2621856601                  
GPU 2           115.266           0.059        0.007        0.017        1895089589                  11423590709                 
GPU 3           119.152           0.060        0.007        0.018        965196454                   2274194744                  
GPU 4           116.763           0.060        0.007        0.017        2157286648                  14890809416                 
GPU 5           120.882           0.061        0.007        0.018        995826194                   2014044631                  
GPU 6           118.176           0.060        0.007        0.018        2252344839                  16176199189                 
GPU 7           120.575           0.060        0.007        0.017        1007913720                  2692490288                  
GPU 0           116.113           0.060        0.007        0.018        2047401739                  13293044731                 
GPU 1           121.884           0.061        0.007        0.018        1019731362                  2712066228                  
GPU 2           116.542           0.060        0.007        0.018        1850560991                  11368373245                 
GPU 3           119.692           0.061        0.007        0.018        1006955896                  2467320268                  
GPU 4           117.626           0.060        0.007        0.018        2252294153                  15791564722                 
GPU 5           120.050           0.060        0.007        0.018        989667682                   2086064428                  
GPU 6           119.446           0.061        0.007        0.018        2301204025                  16263438769                 
GPU 7           121.642           0.060        0.007        0.018        992601002                   2672085005                  
GPU 0           115.975           0.060        0.007        0.018        2091453101                  14101171077                 
GPU 1           120.759           0.060        0.007        0.018        999244396                   2753528464                  
GPU 2           116.190           0.060        0.007        0.018        1907185459                  11638812741                 
GPU 3           119.102           0.060        0.007        0.018        985795172                   2447240922                  
GPU 4           118.530           0.060        0.007        0.017        2217601771                  15693031645                 
GPU 5           122.291           0.060        0.007        0.018        988321535                   2407253338                  
GPU 6           119.984           0.060        0.007        0.017        2265731949                  16243612897                 
GPU 7           123.509           0.061        0.007        0.018        1015441391                  2807846378                  
GPU 0           115.461           0.059        0.007        0.017        2028398093                  13644791799                 
GPU 1           120.158           0.058        0.006        0.017        965044216                   2668524874                  
GPU 2           117.453           0.059        0.007        0.017        1878907951                  11939072803                 
GPU 3           117.704           0.059        0.007        0.017        953396393                   2409196544                  
GPU 4           116.946           0.058        0.006        0.017        2211248378                  15836025021                 
GPU 5           120.448           0.059        0.007        0.017        984580032                   2998197501                  
GPU 6           117.283           0.059        0.007        0.017        2209798229                  16014415870                 
GPU 7           121.298           0.059        0.007        0.017        982112554                   2880449465                  
GPU 0           115.418           0.061        0.007        0.018        2113828601                  13936360711                 
GPU 1           122.260           0.061        0.007        0.018        1032139991                  2782662582                  
GPU 2           118.851           0.060        0.007        0.018        1885348894                  11430467933                 
GPU 3           116.433           0.061        0.007        0.018        1006659027                  2459076653                  
GPU 4           118.304           0.061        0.007        0.018        2212954210                  15174723872                 
GPU 5           119.582           0.061        0.007        0.018        1045664493                  3092777971                  
GPU 6           120.437           0.061        0.007        0.018        2212468315                  15294227344                 
GPU 7           121.674           0.061        0.007        0.018        1026392824                  2948214278                  
GPU 0           118.202           0.060        0.007        0.018        2089769713                  14412960180                 
GPU 1           123.915           0.059        0.007        0.018        982758272                   2722265576                  
GPU 2           116.088           0.060        0.007        0.017        1915675368                  12028117543                 
GPU 3           118.145           0.060        0.007        0.018        965763854                   2426800924                  
GPU 4           119.839           0.059        0.007        0.017        2166925372                  15222463920                 
GPU 5           122.369           0.060        0.007        0.018        994371752                   2862543434                  
GPU 6           118.494           0.060        0.007        0.018        2221852678                  15934966266                 
GPU 7           122.806           0.060        0.007        0.018        1004640177                  3067953861                  
#Entity         POWER             SMACT        TENSO        DRAMA        PCITX                       PCIRX                       
ID               W                                                                                                               
GPU 0           119.141           0.061        0.007        0.019        2142507523                  14566344178                 
GPU 1           122.647           0.061        0.007        0.019        1029840266                  2881956550                  
GPU 2           117.011           0.061        0.007        0.018        1888228823                  11360226858                 
GPU 3           117.766           0.061        0.007        0.019        1000047992                  2396935551                  
GPU 4           117.982           0.062        0.007        0.019        2151622398                  14733008762                 
GPU 5           120.243           0.061        0.007        0.019        996113848                   2691189750                  
GPU 6           120.550           0.062        0.007        0.019        2249623628                  15706521961                 
GPU 7           122.867           0.061        0.007        0.018        1043280561                  3069040722                  
GPU 0           116.022           0.062        0.007        0.019        2167846661                  14726749535                 
GPU 1           123.230           0.062        0.007        0.019        1023458660                  2777553360                  
GPU 2           117.023           0.061        0.007        0.018        1843200635                  10696882409                 
GPU 3           119.740           0.061        0.007        0.018        998451206                   2362045589                  
GPU 4           119.114           0.061        0.007        0.019        2195746199                  14912347976                 
GPU 5           121.323           0.062        0.007        0.019        1037806804                  2795290832                  
GPU 6           118.490           0.062        0.007        0.019        2315776938                  16505244610                 
GPU 7           123.272           0.062        0.007        0.019        1057037820                  3163648874                  
GPU 0           116.351           0.060        0.007        0.018        2068784140                  13815678492                 
GPU 1           122.561           0.060        0.007        0.018        997809171                   2658168554                  
GPU 2           115.798           0.060        0.007        0.017        1882990420                  11546567752                 
GPU 3           120.686           0.060        0.007        0.018        982032728                   2364393775                  
GPU 4           117.540           0.059        0.007        0.017        2212747831                  15437702788                 
GPU 5           120.997           0.059        0.007        0.017        1016436620                  2802942276                  
GPU 6           120.083           0.060        0.007        0.018        2272629014                  16296550824                 
GPU 7           123.689           0.061        0.007        0.018        1000216318                  2896363613                  
GPU 0           117.153           0.061        0.007        0.019        2178143024                  14651559179                 
GPU 1           121.312           0.061        0.007        0.019        1045356845                  2799764885                  
GPU 2           116.135           0.061        0.007        0.018        1812169390                  10430665833                 
GPU 3           120.194           0.061        0.007        0.019        1014911552                  2327416872                  
GPU 4           115.042           0.061        0.007        0.019        2161960130                  14484282510                 
GPU 5           119.425           0.061        0.007        0.018        1026801571                  2644870223                  
GPU 6           119.877           0.062        0.007        0.019        2390841895                  17284600154                 
GPU 7           123.184           0.061        0.007        0.019        1037244578                  3095144175                  
GPU 0           118.123           0.062        0.008        0.019        2158643685                  13950767086                 
GPU 1           122.335           0.062        0.007        0.019        1072775842                  2864425985                  
GPU 2           117.625           0.062        0.007        0.019        1902372044                  10976872395                 
GPU 3           118.309           0.062        0.007        0.019        1054550530                  2450256221                  
GPU 4           118.475           0.062        0.008        0.019        2259538981                  15133612053                 
GPU 5           121.845           0.062        0.008        0.019        1045478518                  2166234287                  
GPU 6           120.198           0.062        0.007        0.019        2390545014                  16806246236                 
GPU 7           123.172           0.062        0.007        0.019        1095349926                  3301635212                  
GPU 0           116.764           0.058        0.007        0.017        2126070961                  14884361985                 
GPU 1           122.255           0.058        0.007        0.017        980050335                   2800455123                  
GPU 2           113.833           0.058        0.007        0.017        1869403627                  11558163219                 
GPU 3           118.000           0.059        0.007        0.017        954002046                   2389140540                  
GPU 4           118.129           0.059        0.007        0.017        2124504189                  14682896201                 
GPU 5           121.620           0.058        0.007        0.017        935866574                   1995935013                  
GPU 6           118.425           0.058        0.007        0.017        2221513743                  15985418539                 
GPU 7           124.390           0.059        0.007        0.017        978604163                   2798800119                  
GPU 0           115.358           0.058        0.007        0.017        2132389167                  14932623657                 
GPU 1           120.730           0.059        0.007        0.017        970802536                   2709721458                  
GPU 2           116.471           0.058        0.006        0.016        1783385266                  10720710142                 
GPU 3           116.915           0.059        0.007        0.018        946695331                   2221985542                  
GPU 4           116.741           0.058        0.007        0.017        2122541821                  14764417282                 
GPU 5           120.331           0.059        0.007        0.018        953283176                   2038718212                  
GPU 6           118.761           0.058        0.007        0.017        2266428079                  16611935591                 
GPU 7           121.314           0.059        0.007        0.017        978806831                   2977296241                  
GPU 0           116.083           0.059        0.007        0.017        2049042223                  14372792002                 
GPU 1           122.951           0.059        0.007        0.017        939277284                   2528153448                  
GPU 2           115.441           0.058        0.007        0.017        1732008569                  10096838892                 
GPU 3           116.938           0.059        0.007        0.017        904498463                   2058329854                  
GPU 4           117.832           0.058        0.007        0.017        2152533146                  15532840841                 
GPU 5           119.948           0.059        0.007        0.017        898915953                   1919566071                  
GPU 6           118.262           0.059        0.007        0.017        2317456190                  17658324355                 
GPU 7           120.263           0.059        0.007        0.017        981355896                   2963789597                  
GPU 0           115.874           0.058        0.007        0.017        2114885764                  15082883041                 
GPU 1           119.535           0.058        0.007        0.017        933172780                   2463591231                  
GPU 2           117.411           0.058        0.007        0.016        1761028281                  11093971144                 
GPU 3           116.474           0.058        0.007        0.017        916858996                   2178425447                  
GPU 4           116.495           0.058        0.007        0.017        2107961421                  14972321266                 
GPU 5           119.439           0.058        0.007        0.017        921253977                   2056617762                  
GPU 6           117.755           0.058        0.006        0.017        2240652863                  16676496916                 
GPU 7           121.232           0.059        0.007        0.017        914178182                   2537152574                  
GPU 0           120.462           0.063        0.008        0.020        2199738445                  14791087435                 
GPU 1           126.092           0.062        0.008        0.020        1067507810                  2934802171                  
GPU 2           118.331           0.063        0.008        0.019        1855878108                  10445811863                 
GPU 3           121.033           0.063        0.008        0.020        1032248048                  2446142739                  
GPU 4           119.054           0.063        0.008        0.020        2183515036                  14558949798                 
GPU 5           123.015           0.062        0.008        0.020        1018797138                  2072866048                  
GPU 6           122.125           0.062        0.008        0.019        2413993760                  17267737503                 
GPU 7           123.420           0.063        0.008        0.020        1056703234                  2775831373                  
GPU 0           118.769           0.061        0.007        0.019        2111916270                  14112716724                 
GPU 1           124.160           0.061        0.007        0.019        1024899089                  2916286734                  
GPU 2           116.657           0.061        0.007        0.018        1943114560                  12017744231                 
GPU 3           119.070           0.061        0.007        0.019        1006602430                  2518672706                  
GPU 4           119.006           0.061        0.007        0.019        2193255855                  15127926577                 
GPU 5           122.706           0.061        0.007        0.019        983426609                   2228335055                  
GPU 6           119.238           0.061        0.007        0.018        2215793967                  15428345611                 
GPU 7           124.001           0.061        0.007        0.019        1021280861                  2660568261                  
GPU 0           116.859           0.061        0.007        0.019        2143420113                  14356273774                 
GPU 1           122.209           0.061        0.007        0.019        1032662380                  2818480086                  
GPU 2           117.210           0.061        0.007        0.018        1781454707                  9988252541                  
GPU 3           118.810           0.061        0.007        0.019        1001759133                  2278171013                  
GPU 4           119.745           0.061        0.007        0.019        2187099245                  14831359963                 
GPU 5           120.836           0.062        0.007        0.019        1048796450                  2944212033                  
GPU 6           120.143           0.060        0.007        0.018        2377756290                  17265992193                 
GPU 7           124.633           0.061        0.007        0.019        1046140969                  3028264653                  
GPU 0           115.691           0.061        0.007        0.019        2068456353                  13497268546                 
GPU 1           122.020           0.061        0.007        0.019        1028216985                  2764665655                  
GPU 2           117.219           0.060        0.007        0.018        1822928711                  10605595361                 
GPU 3           119.140           0.061        0.007        0.019        1002968341                  2382348679                  
GPU 4           119.858           0.061        0.007        0.019        2234769867                  15505421891                 
GPU 5           122.426           0.061        0.007        0.019        1035225412                  3063607465                  
GPU 6           120.945           0.061        0.007        0.019        2330407981                  16499797034                 
GPU 7           123.653           0.061        0.007        0.019        1025361612                  2868551909                  
GPU 0           117.781           0.062        0.007        0.019        2170332508                  14698181587                 
GPU 1           121.637           0.061        0.007        0.019        1033227359                  2871967290                  
GPU 2           116.268           0.061        0.007        0.019        1812361638                  10385691549                 
GPU 3           118.120           0.061        0.007        0.019        1000875079                  2283926104                  
GPU 4           117.283           0.061        0.007        0.019        2198386271                  14957145825                 
GPU 5           123.245           0.062        0.008        0.019        1038397253                  2925842162                  
GPU 6           118.927           0.062        0.007        0.019        2344388391                  16907323001                 
GPU 7           124.897           0.061        0.007        0.019        1027275371                  2976208191                  
#Entity         POWER             SMACT        TENSO        DRAMA        PCITX                       PCIRX                       
ID               W                                                                                                               
GPU 0           118.790           0.062        0.008        0.019        2108102198                  14356779682                 
GPU 1           124.881           0.062        0.008        0.019        1022118806                  2859802540                  
GPU 2           118.719           0.063        0.008        0.019        1882300390                  11068236321                 
GPU 3           120.738           0.062        0.007        0.019        979716584                   2330679081                  
GPU 4           119.255           0.061        0.007        0.019        2155464605                  14939197854                 
GPU 5           123.800           0.062        0.008        0.019        996153298                   2685656273                  
GPU 6           121.896           0.062        0.008        0.019        2374161971                  17245008352                 
GPU 7           122.752           0.064        0.008        0.020        1095243383                  3200416357                  
GPU 0           127.423           0.081        0.012        0.031        2587019150                  15122637345                 
GPU 1           134.369           0.081        0.012        0.030        1687303953                  7076595602                  
GPU 2           124.601           0.081        0.012        0.030        2360228585                  12346985454                 
GPU 3           127.709           0.080        0.011        0.030        1661626140                  6338250430                  
GPU 4           130.615           0.081        0.012        0.030        2734378152                  16974347214                 
GPU 5           134.726           0.081        0.012        0.031        1670145345                  6333080766                  
GPU 6           127.655           0.080        0.012        0.030        2633570654                  15684571071                 
GPU 7           131.588           0.081        0.012        0.030        1598221080                  6081853976                  
GPU 0           121.055           0.068        0.009        0.022        2064115027                  12722706132                 
GPU 1           126.414           0.068        0.009        0.023        1027434896                  2038512692                  
GPU 2           121.993           0.069        0.009        0.023        1826355592                  9968202622                  
GPU 3           121.643           0.068        0.008        0.022        1009642412                  1904654470                  
GPU 4           121.083           0.068        0.009        0.022        2111109068                  13300927265                 
GPU 5           124.515           0.068        0.009        0.023        1083616406                  3518284336                  
GPU 6           123.993           0.068        0.009        0.022        2286429779                  16778846675                 
GPU 7           124.968           0.069        0.009        0.023        1120208811                  3954874989                  
GPU 0           124.227           0.078        0.008        0.029        2253899947                  13652667548                 
GPU 1           131.019           0.077        0.008        0.029        1355845321                  4809624357                  
GPU 2           122.745           0.077        0.008        0.028        2073325919                  11077451317                 
GPU 3           126.571           0.077        0.008        0.028        1315658302                  4188889055                  
GPU 4           125.771           0.078        0.008        0.029        2423044718                  15813254922                 
GPU 5           128.002           0.078        0.008        0.029        1355693166                  4954735041                  
GPU 6           126.860           0.078        0.008        0.029        2530532067                  17081269511                 
GPU 7           128.814           0.078        0.008        0.029        1364301982                  5062102598                  
GPU 0           128.393           0.082        0.007        0.032        2338393005                  14395307411                 
GPU 1           133.408           0.082        0.007        0.032        1470049272                  5936459085                  
GPU 2           126.974           0.083        0.007        0.032        2305685326                  13636661043                 
GPU 3           127.464           0.081        0.006        0.031        1472516130                  6137563822                  
GPU 4           130.042           0.082        0.007        0.031        2483268034                  16246920981                 
GPU 5           131.780           0.080        0.006        0.030        1366688912                  4505328543                  
GPU 6           131.408           0.081        0.007        0.031        2363413370                  13963598163                 
GPU 7           131.387           0.084        0.007        0.033        1447666302                  4585573932                  
GPU 0           161.679           0.171        0.012        0.078        2600105986                  10850360017                 
GPU 1           165.575           0.172        0.012        0.079        2005561878                  6505846262                  
GPU 2           155.813           0.176        0.012        0.080        2552635796                  10632330931                 
GPU 3           157.532           0.170        0.012        0.078        2004734639                  6337372170                  
GPU 4           163.480           0.171        0.012        0.078        2697629073                  12099046329                 
GPU 5           162.978           0.170        0.012        0.078        2124494038                  8291492944                  
GPU 6           161.326           0.171        0.012        0.078        2687481498                  12371565621                 
GPU 7           160.347           0.180        0.012        0.083        2060693010                  7916136725                  
