#Entity         POWER             SMACT        TENSO        DRAMA        PCITX                       PCIRX                       
ID               W                                                                                                               
GPU 0           96.812            0.000        0.000        0.000        494798                      278326                      
GPU 1           71.117            0.000        0.000        0.000        518260                      304460                      
GPU 2           70.289            0.000        0.000        0.000        498398                      302917                      
GPU 3           70.165            0.000        0.000        0.000        512509                      245780                      
GPU 4           71.698            0.000        0.000        0.000        500492                      301867                      
GPU 5           72.540            0.000        0.000        0.000        510951                      297653                      
GPU 6           72.308            0.000        0.000        0.000        495765                      300300                      
GPU 7           72.168            0.000        0.000        0.000        493682                      296628                      
GPU 0           96.784            0.000        0.000        0.000        238489                      278848                      
GPU 1           71.029            0.000        0.000        0.000        243080                      310222                      
GPU 2           70.330            0.000        0.000        0.000        498408                      302399                      
GPU 3           70.192            0.000        0.000        0.000        453306                      75462                       
GPU 4           71.695            0.000        0.000        0.000        502071                      303443                      
GPU 5           72.556            0.000        0.000        0.000        506220                      52929                       
GPU 6           72.297            0.000        0.000        0.000        245241                      298193                      
GPU 7           72.217            0.000        0.000        0.000        493691                      298206                      
GPU 0           96.777            0.000        0.000        0.000        453910                      45077                       
GPU 1           71.011            0.000        0.000        0.000        475809                      50816                       
GPU 2           70.305            0.000        0.000        0.000        496792                      304468                      
GPU 3           70.188            0.000        0.000        0.000        273028                      300288                      
GPU 4           71.689            0.000        0.000        0.000        437594                      244214                      
GPU 5           72.571            0.000        0.000        0.000        245256                      262016                      
GPU 6           72.365            0.000        0.000        0.000        460132                      68122                       
GPU 7           72.232            0.000        0.000        0.000        198098                      13101                       
GPU 0           96.818            0.000        0.000        0.000        481698                      234293                      
GPU 1           70.982            0.000        0.000        0.000        507251                      262533                      
GPU 2           70.323            0.000        0.000        0.000        196533                      14150                       
GPU 3           70.215            0.000        0.000        0.000        509913                      299759                      
GPU 4           71.686            0.000        0.000        0.000        265711                      75992                       
GPU 5           72.541            0.000        0.000        0.000        474774                      301856                      
GPU 6           72.347            0.000        0.000        0.000        502591                      254173                      
GPU 7           72.225            0.000        0.000        0.000        501552                      303971                      
GPU 0           96.715            0.000        0.000        0.000        484318                      266270                      
GPU 1           70.991            0.000        0.000        0.000        514070                      297119                      
GPU 2           70.270            0.000        0.000        0.000        498935                      300828                      
GPU 3           70.174            0.000        0.000        0.000        509905                      300266                      
GPU 4           71.666            0.000        0.000        0.000        502594                      304491                      
GPU 5           72.558            0.000        0.000        0.000        509382                      308668                      
GPU 6           72.343            0.000        0.000        0.000        504166                      305013                      
GPU 7           72.189            0.000        0.000        0.000        497343                      300292                      
GPU 0           96.738            0.000        0.000        0.000        483782                      267843                      
GPU 1           71.023            0.000        0.000        0.000        511978                      303411                      
GPU 2           70.297            0.000        0.000        0.000        496301                      298200                      
GPU 3           70.161            0.000        0.000        0.000        509352                      301837                      
GPU 4           71.686            0.000        0.000        0.000        508352                      305014                      
GPU 5           72.540            0.000        0.000        0.000        516718                      307087                      
GPU 6           72.329            0.000        0.000        0.000        498388                      306063                      
GPU 7           72.265            0.000        0.000        0.000        499878                      310197                      
GPU 0           96.753            0.000        0.000        0.000        494806                      268360                      
GPU 1           70.971            0.000        0.000        0.000        508811                      301318                      
GPU 2           70.299            0.000        0.000        0.000        494728                      301344                      
GPU 3           70.164            0.000        0.000        0.000        511447                      304455                      
GPU 4           71.677            0.000        0.000        0.000        502591                      300815                      
GPU 5           72.611            0.000        0.000        0.000        515131                      300280                      
GPU 6           72.317            0.000        0.000        0.000        496832                      301338                      
GPU 7           72.202            0.000        0.000        0.000        496313                      299255                      
GPU 0           96.704            0.000        0.000        0.000        449196                      278328                      
GPU 1           71.062            0.000        0.000        0.000        512500                      303400                      
GPU 2           70.292            0.000        0.000        0.000        501543                      310778                      
GPU 3           70.155            0.000        0.000        0.000        512492                      64981                       
GPU 4           71.718            0.000        0.000        0.000        499438                      300823                      
GPU 5           72.530            0.000        0.000        0.000        509900                      300801                      
GPU 6           72.331            0.000        0.000        0.000        500492                      299252                      
GPU 7           72.183            0.000        0.000        0.000        505200                      306054                      
GPU 0           96.949            0.000        0.000        0.000        256312                      240060                      
GPU 1           71.006            0.000        0.000        0.000        210131                      305509                      
GPU 2           70.262            0.000        0.000        0.000        506793                      309211                      
GPU 3           70.205            0.000        0.000        0.000        255734                      257822                      
GPU 4           71.678            0.000        0.000        0.000        499975                      64461                       
GPU 5           72.497            0.000        0.000        0.000        509895                      13101                       
GPU 6           72.334            0.000        0.000        0.000        231642                      301867                      
GPU 7           72.237            0.000        0.000        0.000        242126                      67606                       
GPU 0           96.807            0.000        0.000        0.000        493230                      52415                       
GPU 1           70.978            0.000        0.000        0.000        511449                      13624                       
GPU 2           70.298            0.000        0.000        0.000        449143                      251038                      
GPU 3           70.179            0.000        0.000        0.000        472674                      302367                      
GPU 4           71.685            0.000        0.000        0.000        243173                      253126                      
GPU 5           72.474            0.000        0.000        0.000        210144                      305519                      
GPU 6           72.334            0.000        0.000        0.000        462240                      51883                       
GPU 7           72.213            0.000        0.000        0.000        457502                      247879                      
GPU 0           96.847            0.000        0.000        0.000        493748                      277278                      
GPU 1           70.983            0.000        0.000        0.000        510402                      309699                      
GPU 2           70.289            0.000        0.000        0.000        263611                      77039                       
GPU 3           70.179            0.000        0.000        0.000        509885                      305513                      
GPU 4           71.660            0.000        0.000        0.000        459086                      296627                      
GPU 5           72.512            0.000        0.000        0.000        516185                      295556                      
GPU 6           72.341            0.000        0.000        0.000        495243                      258372                      
GPU 7           72.321            0.000        0.000        0.000        498943                      301357                      
GPU 0           96.958            0.000        0.000        0.000        495851                      277798                      
GPU 1           70.999            0.000        0.000        0.000        522972                      302887                      
GPU 2           70.321            0.000        0.000        0.000        501027                      304494                      
GPU 3           70.169            0.000        0.000        0.000        514080                      300269                      
GPU 4           71.688            0.000        0.000        0.000        486342                      293480                      
GPU 5           72.534            0.000        0.000        0.000        503599                      293471                      
GPU 6           72.326            0.000        0.000        0.000        492116                      297670                      
GPU 7           72.267            0.000        0.000        0.000        502071                      302919                      
GPU 0           96.989            0.000        0.000        0.000        496367                      279375                      
GPU 1           71.054            0.000        0.000        0.000        509886                      313888                      
GPU 2           70.276            0.000        0.000        0.000        499446                      303441                      
GPU 3           70.159            0.000        0.000        0.000        507261                      309713                      
GPU 4           71.688            0.000        0.000        0.000        490007                      300823                      
GPU 5           72.609            0.000        0.000        0.000        500472                      301325                      
GPU 6           72.283            0.000        0.000        0.000        496823                      295584                      
GPU 7           72.220            0.000        0.000        0.000        498394                      299770                      
GPU 0           96.908            0.000        0.000        0.000        494805                      280418                      
GPU 1           70.978            0.000        0.000        0.000        514586                      302368                      
GPU 2           70.279            0.000        0.000        0.000        504696                      305017                      
GPU 3           70.153            0.000        0.000        0.000        518284                      303939                      
GPU 4           71.677            0.000        0.000        0.000        498926                      300827                      
GPU 5           72.536            0.000        0.000        0.000        509895                      295564                      
GPU 6           72.363            0.000        0.000        0.000        495254                      298722                      
GPU 7           72.150            0.000        0.000        0.000        504632                      297679                      
GPU 0           96.788            0.000        0.000        0.000        448674                      280424                      
GPU 1           70.993            0.000        0.000        0.000        461665                      259915                      
GPU 2           70.329            0.000        0.000        0.000        495774                      308687                      
GPU 3           70.181            0.000        0.000        0.000        511456                      52402                       
GPU 4           71.687            0.000        0.000        0.000        497867                      299768                      
GPU 5           72.492            0.000        0.000        0.000        503088                      296615                      
GPU 6           72.343            0.000        0.000        0.000        497878                      299251                      
GPU 7           72.236            0.000        0.000        0.000        242652                      305504                      
#Entity         POWER             SMACT        TENSO        DRAMA        PCITX                       PCIRX                       
ID               W                                                                                                               
GPU 0           96.937            0.000        0.000        0.000        256308                      55035                       
GPU 1           70.981            0.000        0.000        0.000        266205                      63931                       
GPU 2           70.314            0.000        0.000        0.000        436563                      240555                      
GPU 3           70.175            0.000        0.000        0.000        477914                      264634                      
GPU 4           71.688            0.000        0.000        0.000        244221                      63413                       
GPU 5           72.617            0.000        0.000        0.000        504665                      14149                       
GPU 6           72.323            0.000        0.000        0.000        198622                      22534                       
GPU 7           72.255            0.000        0.000        0.000        448619                      66559                       
GPU 0           96.901            0.000        0.000        0.000        494802                      279374                      
GPU 1           70.977            0.000        0.000        0.000        518251                      310217                      
GPU 2           70.292            0.000        0.000        0.000        263611                      78087                       
GPU 3           70.169            0.000        0.000        0.000        524560                      313898                      
GPU 4           71.667            0.000        0.000        0.000        448608                      246315                      
GPU 5           72.548            0.000        0.000        0.000        209615                      306570                      
GPU 6           72.359            0.000        0.000        0.000        496834                      289296                      
GPU 7           72.259            0.000        0.000        0.000        505733                      242128                      
GPU 0           96.957            0.000        0.000        0.000        491128                      274654                      
GPU 1           70.990            0.000        0.000        0.000        511976                      304461                      
GPU 2           70.294            0.000        0.000        0.000        501552                      305019                      
GPU 3           70.163            0.000        0.000        0.000        520791                      318552                      
GPU 4           71.695            0.000        0.000        0.000        506792                      307639                      
GPU 5           72.542            0.000        0.000        0.000        508304                      299218                      
GPU 6           72.318            0.000        0.000        0.000        495239                      297667                      
GPU 7           72.250            0.000        0.000        0.000        497274                      299727                      
GPU 0           96.968            0.000        0.000        0.000        494277                      278325                      
GPU 1           70.992            0.000        0.000        0.000        513009                      305500                      
GPU 2           70.333            0.000        0.000        0.000        517270                      321787                      
GPU 3           70.157            0.000        0.000        0.000        518271                      309705                      
GPU 4           71.678            0.000        0.000        0.000        501020                      302394                      
GPU 5           72.510            0.000        0.000        0.000        501484                      294497                      
GPU 6           72.358            0.000        0.000        0.000        495782                      297679                      
GPU 7           72.183            0.000        0.000        0.000        501012                      302389                      
GPU 0           96.765            0.000        0.000        0.000        492179                      276228                      
GPU 1           71.006            0.000        0.000        0.000        519313                      310749                      
GPU 2           70.304            0.000        0.000        0.000        498923                      302393                      
GPU 3           70.177            0.000        0.000        0.000        510411                      302368                      
GPU 4           71.668            0.000        0.000        0.000        499921                      303411                      
GPU 5           72.542            0.000        0.000        0.000        505711                      296614                      
GPU 6           72.399            0.000        0.000        0.000        495254                      297676                      
GPU 7           72.205            0.000        0.000        0.000        490539                      293484                      
GPU 0           96.732            0.000        0.000        0.000        487983                      276227                      
GPU 1           71.055            0.000        0.000        0.000        515645                      308129                      
GPU 2           70.290            0.000        0.000        0.000        498405                      303969                      
GPU 3           70.201            0.000        0.000        0.000        515652                      308657                      
GPU 4           71.661            0.000        0.000        0.000        498405                      300301                      
GPU 5           72.578            0.000        0.000        0.000        502027                      293984                      
GPU 6           72.346            0.000        0.000        0.000        499438                      300816                      
GPU 7           72.253            0.000        0.000        0.000        499455                      300302                      
GPU 0           96.802            0.000        0.000        0.000        437665                      228005                      
GPU 1           71.030            0.000        0.000        0.000        445293                      244649                      
GPU 2           70.277            0.000        0.000        0.000        492631                      299771                      
GPU 3           70.161            0.000        0.000        0.000        243148                      50306                       
GPU 4           71.707            0.000        0.000        0.000        498911                      299766                      
GPU 5           72.545            0.000        0.000        0.000        442820                      239490                      
GPU 6           72.383            0.000        0.000        0.000        501018                      302392                      
GPU 7           72.198            0.000        0.000        0.000        242119                      64460                       
GPU 0           96.795            0.000        0.000        0.000        266267                      64994                       
GPU 1           71.030            0.000        0.000        0.000        277210                      76507                       
GPU 2           70.330            0.000        0.000        0.000        244748                      66034                       
GPU 3           70.164            0.000        0.000        0.000        479488                      268303                      
GPU 4           71.717            0.000        0.000        0.000        232169                      51884                       
GPU 5           72.609            0.000        0.000        0.000        274075                      72318                       
GPU 6           72.360            0.000        0.000        0.000        200715                      19390                       
GPU 7           72.152            0.000        0.000        0.000        455956                      249989                      
GPU 0           96.857            0.000        0.000        0.000        493234                      277804                      
GPU 1           71.000            0.000        0.000        0.000        514582                      306024                      
GPU 2           70.311            0.000        0.000        0.000        461199                      256804                      
GPU 3           70.177            0.000        0.000        0.000        510419                      302373                      
GPU 4           71.656            0.000        0.000        0.000        477968                      273573                      
GPU 5           72.530            0.000        0.000        0.000        519859                      309714                      
GPU 6           72.368            0.000        0.000        0.000        510461                      303970                      
GPU 7           72.227            0.000        0.000        0.000        504157                      306582                      
GPU 0           96.919            0.000        0.000        0.000        493229                      276753                      
GPU 1           70.953            0.000        0.000        0.000        515646                      308130                      
GPU 2           70.278            0.000        0.000        0.000        506780                      309728                      
GPU 3           70.159            0.000        0.000        0.000        513553                      306035                      
GPU 4           71.670            0.000        0.000        0.000        499651                      302199                      
GPU 5           72.551            0.000        0.000        0.000        501524                      293472                      
GPU 6           72.272            0.000        0.000        0.000        496826                      299773                      
GPU 7           72.229            0.000        0.000        0.000        487398                      296631                      
GPU 0           96.834            0.000        0.000        0.000        492701                      277799                      
GPU 1           71.026            0.000        0.000        0.000        548481                      340034                      
GPU 2           70.314            0.000        0.000        0.000        499460                      303449                      
GPU 3           70.163            0.000        0.000        0.000        516177                      307610                      
GPU 4           71.678            0.000        0.000        0.000        494213                      296632                      
GPU 5           72.590            0.000        0.000        0.000        503600                      296605                      
GPU 6           72.362            0.000        0.000        0.000        501534                      302912                      
GPU 7           72.294            0.000        0.000        0.000        495784                      300300                      
GPU 0           96.768            0.000        0.000        0.000        493226                      277276                      
GPU 1           71.066            0.000        0.000        0.000        513012                      306025                      
GPU 2           70.268            0.000        0.000        0.000        499444                      303439                      
GPU 3           70.189            0.000        0.000        0.000        512502                      304986                      
GPU 4           71.665            0.000        0.000        0.000        490006                      292431                      
GPU 5           72.558            0.000        0.000        0.000        502569                      299759                      
GPU 6           72.259            0.000        0.000        0.000        485208                      290286                      
GPU 7           72.232            0.000        0.000        0.000        499961                      303435                      
GPU 0           96.829            0.000        0.000        0.000        495320                      278847                      
GPU 1           71.010            0.000        0.000        0.000        518272                      310230                      
GPU 2           70.331            0.000        0.000        0.000        506271                      308689                      
GPU 3           70.173            0.000        0.000        0.000        509890                      301846                      
GPU 4           71.697            0.000        0.000        0.000        499978                      301349                      
GPU 5           72.598            0.000        0.000        0.000        503606                      297133                      
GPU 6           72.316            0.000        0.000        0.000        494720                      297670                      
GPU 7           72.230            0.000        0.000        0.000        488306                      300738                      
GPU 0           96.803            0.000        0.000        0.000        440817                      224339                      
GPU 1           71.037            0.000        0.000        0.000        210130                      13624                       
GPU 2           70.297            0.000        0.000        0.000        499455                      302922                      
GPU 3           70.153            0.000        0.000        0.000        210018                      14140                       
GPU 4           71.676            0.000        0.000        0.000        496831                      299251                      
GPU 5           72.558            0.000        0.000        0.000        286608                      108460                      
GPU 6           72.288            0.000        0.000        0.000        492631                      294006                      
GPU 7           72.247            0.000        0.000        0.000        231117                      52407                       
#Entity         POWER             SMACT        TENSO        DRAMA        PCITX                       PCIRX                       
ID               W                                                                                                               
GPU 0           96.794            0.000        0.000        0.000        263124                      67615                       
GPU 1           70.998            0.000        0.000        0.000        514591                      308125                      
GPU 2           70.303            0.000        0.000        0.000        233648                      53959                       
GPU 3           70.162            0.000        0.000        0.000        519948                      314485                      
GPU 4           71.679            0.000        0.000        0.000        198623                      19390                       
GPU 5           72.507            0.000        0.000        0.000        413998                      204378                      
GPU 6           72.326            0.000        0.000        0.000        196530                      13102                       
GPU 7           72.258            0.000        0.000        0.000        465915                      262044                      
GPU 0           96.862            0.000        0.000        0.000        494795                      278322                      
GPU 1           71.009            0.000        0.000        0.000        523507                      314943                      
GPU 2           70.300            0.000        0.000        0.000        481116                      279864                      
GPU 3           70.168            0.000        0.000        0.000        515649                      306560                      
GPU 4           71.718            0.000        0.000        0.000        495782                      291390                      
GPU 5           72.586            0.000        0.000        0.000        518799                      307611                      
GPU 6           72.374            0.000        0.000        0.000        507302                      306582                      
GPU 7           72.244            0.000        0.000        0.000        501542                      302916                      
GPU 0           96.969            0.000        0.000        0.000        493753                      277801                      
GPU 1           71.017            0.000        0.000        0.000        513015                      306027                      
GPU 2           70.278            0.000        0.000        0.000        502068                      305014                      
GPU 3           70.158            0.000        0.000        0.000        507226                      303916                      
GPU 4           71.688            0.000        0.000        0.000        501013                      302390                      
GPU 5           72.588            0.000        0.000        0.000        500997                      296091                      
GPU 6           72.326            0.000        0.000        0.000        496830                      299251                      
GPU 7           72.282            0.000        0.000        0.000        492104                      295577                      
GPU 0           96.847            0.000        0.000        0.000        495321                      279371                      
GPU 1           71.005            0.000        0.000        0.000        523988                      319109                      
GPU 2           70.284            0.000        0.000        0.000        499454                      303446                      
GPU 3           70.160            0.000        0.000        0.000        513561                      306040                      
GPU 4           71.688            0.000        0.000        0.000        496835                      300302                      
GPU 5           72.567            0.000        0.000        0.000        507796                      299751                      
GPU 6           72.236            0.000        0.000        0.000        498913                      301339                      
GPU 7           72.313            0.000        0.000        0.000        499978                      301873                      
GPU 0           96.830            0.000        0.000        0.000        494278                      278850                      
GPU 1           71.076            0.000        0.000        0.000        511962                      304976                      
GPU 2           70.313            0.000        0.000        0.000        503650                      307116                      
GPU 3           70.145            0.000        0.000        0.000        511459                      303941                      
GPU 4           71.697            0.000        0.000        0.000        505717                      313387                      
GPU 5           72.619            0.000        0.000        0.000        510426                      300806                      
GPU 6           72.317            0.000        0.000        0.000        498271                      308603                      
GPU 7           72.206            0.000        0.000        0.000        501013                      302914                      
GPU 0           96.718            0.000        0.000        0.000        495326                      278850                      
GPU 1           70.993            0.000        0.000        0.000        464296                      259921                      
GPU 2           70.282            0.000        0.000        0.000        500492                      303439                      
GPU 3           70.167            0.000        0.000        0.000        470577                      266206                      
GPU 4           71.708            0.000        0.000        0.000        493152                      301341                      
GPU 5           72.554            0.000        0.000        0.000        502044                      294518                      
GPU 6           72.363            0.000        0.000        0.000        501017                      305012                      
GPU 7           72.234            0.000        0.000        0.000        497878                      298203                      
GPU 0           96.736            0.000        0.000        0.000        248446                      57132                       
GPU 1           70.989            0.000        0.000        0.000        266730                      66027                       
GPU 2           70.291            0.000        0.000        0.000        504171                      307114                      
GPU 3           70.179            0.000        0.000        0.000        266734                      64980                       
GPU 4           71.668            0.000        0.000        0.000        496311                      298730                      
GPU 5           72.588            0.000        0.000        0.000        253637                      63409                       
GPU 6           72.312            0.000        0.000        0.000        436546                      242642                      
GPU 7           72.251            0.000        0.000        0.000        196517                      20961                       
GPU 0           96.741            0.000        0.000        0.000        456537                      235344                      
GPU 1           70.992            0.000        0.000        0.000        518521                      311112                      
GPU 2           70.287            0.000        0.000        0.000        232165                      49263                       
GPU 3           70.174            0.000        0.000        0.000        516166                      307079                      
GPU 4           71.657            0.000        0.000        0.000        190762                      12577                       
GPU 5           72.577            0.000        0.000        0.000        467451                      251543                      
GPU 6           72.369            0.000        0.000        0.000        259947                      70751                       
GPU 7           72.201            0.000        0.000        0.000        493152                      289811                      
GPU 0           96.727            0.000        0.000        0.000        493750                      277275                      
GPU 1           70.968            0.000        0.000        0.000        521428                      312333                      
GPU 2           70.282            0.000        0.000        0.000        468539                      270956                      
GPU 3           70.170            0.000        0.000        0.000        527949                      321064                      
GPU 4           71.670            0.000        0.000        0.000        499456                      300826                      
GPU 5           72.564            0.000        0.000        0.000        503067                      303412                      
GPU 6           72.327            0.000        0.000        0.000        497338                      299241                      
GPU 7           72.338            0.000        0.000        0.000        521986                      302919                      
GPU 0           96.702            0.000        0.000        0.000        496374                      280946                      
GPU 1           71.001            0.000        0.000        0.000        504115                      306032                      
GPU 2           70.310            0.000        0.000        0.000        506917                      313681                      
GPU 3           70.197            0.000        0.000        0.000        514081                      305514                      
GPU 4           71.694            0.000        0.000        0.000        497356                      299252                      
GPU 5           72.565            0.000        0.000        0.000        526677                      299236                      
GPU 6           72.346            0.000        0.000        0.000        499448                      300821                      
GPU 7           72.262            0.000        0.000        0.000        490740                      294339                      
GPU 0           96.732            0.000        0.000        0.000        485367                      268891                      
GPU 1           71.021            0.000        0.000        0.000        518279                      308137                      
GPU 2           70.348            0.000        0.000        0.000        500489                      301342                      
GPU 3           70.173            0.000        0.000        0.000        508838                      300272                      
GPU 4           71.678            0.000        0.000        0.000        508876                      311300                      
GPU 5           72.544            0.000        0.000        0.000        508311                      302890                      
GPU 6           72.356            0.000        0.000        0.000        503644                      307113                      
GPU 7           72.288            0.000        0.000        0.000        499458                      302400                      
GPU 0           96.835            0.000        0.000        0.000        491126                      275701                      
GPU 1           71.034            0.000        0.000        0.000        516671                      319644                      
GPU 2           70.278            0.000        0.000        0.000        498925                      302395                      
GPU 3           70.167            0.000        0.000        0.000        509368                      301323                      
GPU 4           71.686            0.000        0.000        0.000        497879                      299251                      
GPU 5           72.600            0.000        0.000        0.000        502538                      294501                      
GPU 6           72.327            0.000        0.000        0.000        494200                      296624                      
GPU 7           72.249            0.000        0.000        0.000        498926                      299775                      
GPU 0           96.818            0.000        0.000        0.000        477494                      268361                      
GPU 1           71.013            0.000        0.000        0.000        437040                      236861                      
GPU 2           70.284            0.000        0.000        0.000        494729                      297676                      
GPU 3           70.126            0.000        0.000        0.000        444896                      238955                      
GPU 4           71.657            0.000        0.000        0.000        491052                      294002                      
GPU 5           72.606            0.000        0.000        0.000        507735                      298667                      
GPU 6           72.327            0.000        0.000        0.000        495774                      297150                      
GPU 7           72.214            0.000        0.000        0.000        496830                      298727                      
GPU 0           96.827            0.000        0.000        0.000        239535                      44552                       
GPU 1           70.996            0.000        0.000        0.000        274596                      77557                       
GPU 2           70.301            0.000        0.000        0.000        444947                      253656                      
GPU 3           70.155            0.000        0.000        0.000        276167                      77033                       
GPU 4           71.678            0.000        0.000        0.000        441274                      243172                      
GPU 5           72.584            0.000        0.000        0.000        451705                      245241                      
GPU 6           72.388            0.000        0.000        0.000        242119                      64460                       
GPU 7           72.328            0.000        0.000        0.000        242127                      63938                       
#Entity         POWER             SMACT        TENSO        DRAMA        PCITX                       PCIRX                       
ID               W                                                                                                               
GPU 0           96.859            0.000        0.000        0.000        463349                      246351                      
GPU 1           71.033            0.000        0.000        0.000        512496                      306554                      
GPU 2           70.301            0.000        0.000        0.000        255233                      63939                       
GPU 3           70.163            0.000        0.000        0.000        508836                      300795                      
GPU 4           71.675            0.000        0.000        0.000        260470                      73372                       
GPU 5           72.559            0.000        0.000        0.000        270918                      70742                       
GPU 6           72.349            0.000        0.000        0.000        455428                      248939                      
GPU 7           72.295            0.000        0.000        0.000        462749                      255743                      
GPU 0           96.811            0.000        0.000        0.000        490608                      274656                      
GPU 1           70.948            0.000        0.000        0.000        519846                      309706                      
GPU 2           70.283            0.000        0.000        0.000        496822                      300818                      
GPU 3           70.157            0.000        0.000        0.000        507265                      299223                      
GPU 4           71.665            0.000        0.000        0.000        510454                      311304                      
GPU 5           72.588            0.000        0.000        0.000        504642                      296601                      
GPU 6           72.337            0.000        0.000        0.000        493683                      296629                      
GPU 7           72.265            0.000        0.000        0.000        492126                      295066                      
GPU 0           96.750            0.000        0.000        0.000        492174                      276225                      
GPU 1           71.023            0.000        0.000        0.000        510420                      303946                      
GPU 2           70.313            0.000        0.000        0.000        501031                      303972                      
GPU 3           70.189            0.000        0.000        0.000        510420                      301850                      
GPU 4           71.689            0.000        0.000        0.000        494736                      297156                      
GPU 5           72.493            0.000        0.000        0.000        504111                      295025                      
GPU 6           72.356            0.000        0.000        0.000        498912                      300291                      
GPU 7           72.281            0.000        0.000        0.000        497358                      298729                      
GPU 0           96.728            0.000        0.000        0.000        493753                      277802                      
GPU 1           71.022            0.000        0.000        0.000        513019                      305506                      
GPU 2           70.283            0.000        0.000        0.000        496304                      300822                      
GPU 3           70.167            0.000        0.000        0.000        509877                      304459                      
GPU 4           71.714            0.000        0.000        0.000        514610                      303945                      
GPU 5           72.566            0.000        0.000        0.000        509354                      300267                      
GPU 6           72.386            0.000        0.000        0.000        494209                      299775                      
GPU 7           72.236            0.000        0.000        0.000        500491                      302391                      
GPU 0           96.792            0.000        0.000        0.000        492173                      276225                      
GPU 1           70.974            0.000        0.000        0.000        521937                      313896                      
GPU 2           70.270            0.000        0.000        0.000        498939                      301355                      
GPU 3           70.158            0.000        0.000        0.000        510936                      307085                      
GPU 4           71.669            0.000        0.000        0.000        496832                      298728                      
GPU 5           72.562            0.000        0.000        0.000        509834                      299717                      
GPU 6           72.328            0.000        0.000        0.000        499957                      300813                      
GPU 7           72.274            0.000        0.000        0.000        499966                      300294                      
GPU 0           96.790            0.000        0.000        0.000        446055                      236393                      
GPU 1           71.002            0.000        0.000        0.000        243149                      52926                       
GPU 2           70.312            0.000        0.000        0.000        499990                      303977                      
GPU 3           70.162            0.000        0.000        0.000        240536                      53976                       
GPU 4           71.690            0.000        0.000        0.000        498930                      300301                      
GPU 5           72.588            0.000        0.000        0.000        509883                      300794                      
GPU 6           72.328            0.000        0.000        0.000        491063                      294009                      
GPU 7           72.260            0.000        0.000        0.000        502061                      301865                      
GPU 0           96.771            0.000        0.000        0.000        255786                      52939                       
GPU 1           70.986            0.000        0.000        0.000        478968                      264113                      
GPU 2           70.282            0.000        0.000        0.000        445477                      248418                      
GPU 3           70.187            0.000        0.000        0.000        476860                      266203                      
GPU 4           71.718            0.000        0.000        0.000        499439                      299768                      
GPU 5           72.647            0.000        0.000        0.000        254678                      66027                       
GPU 6           72.423            0.000        0.000        0.000        198101                      22535                       
GPU 7           72.284            0.000        0.000        0.000        196533                      21487                       
GPU 0           96.679            0.000        0.000        0.000        492700                      276750                      
GPU 1           71.066            0.000        0.000        0.000        537668                      309185                      
GPU 2           70.288            0.000        0.000        0.000        263630                      77569                       
GPU 3           70.170            0.000        0.000        0.000        510942                      306041                      
GPU 4           71.719            0.000        0.000        0.000        197057                      13102                       
GPU 5           72.540            0.000        0.000        0.000        475806                      255719                      
GPU 6           72.313            0.000        0.000        0.000        496294                      288762                      
GPU 7           72.262            0.000        0.000        0.000        510988                      300828                      
GPU 0           96.734            0.000        0.000        0.000        480652                      265747                      
GPU 1           71.038            0.000        0.000        0.000        519836                      309177                      
GPU 2           70.317            0.000        0.000        0.000        498918                      301342                      
GPU 3           70.165            0.000        0.000        0.000        511447                      300265                      
GPU 4           71.679            0.000        0.000        0.000        505208                      307631                      
GPU 5           72.539            0.000        0.000        0.000        509879                      302364                      
GPU 6           72.380            0.000        0.000        0.000        500495                      303441                      
GPU 7           72.252            0.000        0.000        0.000        496294                      299244                      
GPU 0           96.787            0.000        0.000        0.000        489029                      274129                      
GPU 1           71.019            0.000        0.000        0.000        517228                      308660                      
GPU 2           70.298            0.000        0.000        0.000        498948                      302408                      
GPU 3           70.157            0.000        0.000        0.000        509373                      301850                      
GPU 4           71.671            0.000        0.000        0.000        500503                      301874                      
GPU 5           72.530            0.000        0.000        0.000        499390                      292926                      
GPU 6           72.288            0.000        0.000        0.000        495772                      297672                      
GPU 7           72.317            0.000        0.000        0.000        497353                      299250                      
GPU 0           96.839            0.000        0.000        0.000        495325                      278849                      
GPU 1           71.055            0.000        0.000        0.000        515095                      308113                      
GPU 2           70.306            0.000        0.000        0.000        509438                      312371                      
GPU 3           70.189            0.000        0.000        0.000        509370                      301325                      
GPU 4           71.683            0.000        0.000        0.000        498929                      300300                      
GPU 5           72.573            0.000        0.000        0.000        511441                      302882                      
GPU 6           72.411            0.000        0.000        0.000        525814                      328415                      
GPU 7           72.290            0.000        0.000        0.000        500475                      301857                      
GPU 0           96.868            0.000        0.000        0.000        4022342                     314491                      
GPU 1           71.064            0.000        0.000        0.000        513575                      306048                      
GPU 2           70.278            0.000        0.000        0.000        496277                      302378                      
GPU 3           70.186            0.000        0.000        0.000        511968                      308648                      
GPU 4           71.671            0.000        0.000        0.000        492109                      295055                      
GPU 5           72.587            0.000        0.000        0.000        507279                      300280                      
GPU 6           72.320            0.000        0.000        0.000        497889                      299781                      
GPU 7           72.197            0.000        0.000        0.000        499996                      301360                      
GPU 0           96.853            0.000        0.000        0.000        440287                      226433                      
GPU 1           71.003            0.000        0.000        0.000        448577                      243154                      
GPU 2           70.290            0.000        0.000        0.000        497852                      309716                      
GPU 3           70.178            0.000        0.000        0.000        208044                      19389                       
GPU 4           71.683            0.000        0.000        0.000        499451                      300823                      
GPU 5           72.554            0.000        0.000        0.000        511960                      302355                      
GPU 6           72.356            0.000        0.000        0.000        243168                      63936                       
GPU 7           72.275            0.000        0.000        0.000        497880                      298728                      
GPU 0           96.950            0.000        0.000        0.000        266270                      67615                       
GPU 1           71.044            0.000        0.000        0.000        275634                      77555                       
GPU 2           70.298            0.000        0.000        0.000        242133                      62367                       
GPU 3           70.191            0.000        0.000        0.000        509870                      296070                      
GPU 4           71.648            0.000        0.000        0.000        443364                      245789                      
GPU 5           72.565            0.000        0.000        0.000        243672                      52402                       
GPU 6           72.374            0.000        0.000        0.000        446516                      243173                      
GPU 7           72.172            0.000        0.000        0.000        196529                      13101                       
#Entity         POWER             SMACT        TENSO        DRAMA        PCITX                       PCIRX                       
ID               W                                                                                                               
GPU 0           96.899            0.000        0.000        0.000        493221                      277273                      
GPU 1           71.057            0.000        0.000        0.000        525088                      314948                      
GPU 2           70.282            0.000        0.000        0.000        458076                      255244                      
GPU 3           70.152            0.000        0.000        0.000        524046                      314951                      
GPU 4           71.661            0.000        0.000        0.000        260994                      72847                       
GPU 5           72.584            0.000        0.000        0.000        476852                      262530                      
GPU 6           72.371            0.000        0.000        0.000        494730                      297676                      
GPU 7           72.279            0.000        0.000        0.000        512557                      311307                      
GPU 0           96.763            0.000        0.000        0.000        497948                      282520                      
GPU 1           70.992            0.000        0.000        0.000        512504                      308131                      
GPU 2           70.278            0.000        0.000        0.000        499474                      302409                      
GPU 3           70.170            0.000        0.000        0.000        532953                      304469                      
GPU 4           71.670            0.000        0.000        0.000        496310                      298729                      
GPU 5           72.519            0.000        0.000        0.000        510930                      301841                      
GPU 6           72.320            0.000        0.000        0.000        496829                      298726                      
GPU 7           72.322            0.000        0.000        0.000        489483                      293480                      
GPU 0           96.780            0.000        0.000        0.000        479055                      273071                      
GPU 1           71.045            0.000        0.000        0.000        510414                      303418                      
GPU 2           70.288            0.000        0.000        0.000        506273                      309739                      
GPU 3           70.168            0.000        0.000        0.000        509877                      302887                      
GPU 4           71.662            0.000        0.000        0.000        495249                      300294                      
GPU 5           72.553            0.000        0.000        0.000        515121                      304461                      
GPU 6           72.356            0.000        0.000        0.000        503637                      305536                      
GPU 7           72.317            0.000        0.000        0.000        492115                      295583                      
GPU 0           96.788            0.000        0.000        0.000        497417                      281992                      
GPU 1           71.007            0.000        0.000        0.000        526129                      317564                      
GPU 2           70.282            0.000        0.000        0.000        497902                      301361                      
GPU 3           70.163            0.000        0.000        0.000        510945                      302374                      
GPU 4           71.675            0.000        0.000        0.000        530491                      327262                      
GPU 5           72.569            0.000        0.000        0.000        504635                      296598                      
GPU 6           72.305            0.000        0.000        0.000        495198                      298691                      
GPU 7           72.258            0.000        0.000        0.000        497356                      299776                      
GPU 0           96.846            0.000        0.000        0.000        493752                      277801                      
GPU 1           71.049            0.000        0.000        0.000        515646                      308130                      
GPU 2           70.313            0.000        0.000        0.000        502082                      305546                      
GPU 3           70.166            0.000        0.000        0.000        511971                      304982                      
GPU 4           71.681            0.000        0.000        0.000        500485                      303435                      
GPU 5           72.553            0.000        0.000        0.000        504648                      296081                      
GPU 6           72.370            0.000        0.000        0.000        499464                      301355                      
GPU 7           72.201            0.000        0.000        0.000        493138                      299237                      
GPU 0           96.929            0.000        0.000        0.000        441333                      223287                      
GPU 1           71.000            0.000        0.000        0.000        453289                      243675                      
GPU 2           70.277            0.000        0.000        0.000        498948                      303457                      
GPU 3           70.176            0.000        0.000        0.000        340100                      146730                      
GPU 4           71.681            0.000        0.000        0.000        496833                      298204                      
GPU 5           72.575            0.000        0.000        0.000        507218                      300768                      
GPU 6           72.345            0.000        0.000        0.000        233209                      51882                       
GPU 7           72.268            0.000        0.000        0.000        492637                      291390                      
GPU 0           96.787            0.000        0.000        0.000        263123                      69187                       
GPU 1           70.992            0.000        0.000        0.000        276159                      80699                       
GPU 2           70.324            0.000        0.000        0.000        232179                      51886                       
GPU 3           70.215            0.000        0.000        0.000        385167                      173456                      
GPU 4           71.691            0.000        0.000        0.000        407833                      217256                      
GPU 5           72.565            0.000        0.000        0.000        210137                      20961                       
GPU 6           72.360            0.000        0.000        0.000        467483                      263614                      
GPU 7           72.211            0.000        0.000        0.000        196529                      15722                       
GPU 0           96.796            0.000        0.000        0.000        493753                      277277                      
GPU 1           71.022            0.000        0.000        0.000        515653                      308658                      
GPU 2           70.311            0.000        0.000        0.000        471170                      268865                      
GPU 3           70.171            0.000        0.000        0.000        514073                      306033                      
GPU 4           71.671            0.000        0.000        0.000        268441                      78028                       
GPU 5           72.579            0.000        0.000        0.000        510837                      297595                      
GPU 6           72.303            0.000        0.000        0.000        492116                      294535                      
GPU 7           72.276            0.000        0.000        0.000        506788                      306588                      
GPU 0           96.773            0.000        0.000        0.000        491651                      275701                      
GPU 1           71.058            0.000        0.000        0.000        510940                      303944                      
GPU 2           70.273            0.000        0.000        0.000        504146                      309720                      
GPU 3           70.182            0.000        0.000        0.000        511471                      303424                      
GPU 4           71.678            0.000        0.000        0.000        493168                      296110                      
GPU 5           72.573            0.000        0.000        0.000        507776                      302360                      
GPU 6           72.324            0.000        0.000        0.000        494201                      297673                      
GPU 7           72.251            0.000        0.000        0.000        503120                      303968                      


dmon was stopped due to receiving a signal
